订购日期,所属区域,产品类别,数量,销售额,成本
3/21/2007,苏州,宠物用品,16,"19,269.69 ","18,982.85 "
4/28/2007,苏州,宠物用品,40,"39,465.17 ","40,893.08 "
4/28/2007,苏州,宠物用品,20,"21,015.94 ","22,294.09 "
5/31/2007,苏州,宠物用品,20,"23,710.26 ","24,318.37 "
6/13/2007,苏州,宠物用品,16,"20,015.07 ","20,256.69 "
7/16/2007,苏州,宠物用品,200,"40,014.12 ","43,537.56 "
9/14/2007,苏州,宠物用品,100,"21,423.95 ","22,917.34 "
10/19/2007,苏州,宠物用品,200,"40,014.12 ","44,258.36 "
11/20/2007,苏州,宠物用品,400,"84,271.49 ","92,391.15 "
3/21/2007,常熟,宠物用品,212,"48,705.66 ","51,700.03 "
4/28/2007,常熟,宠物用品,224,"47,192.03 ","50,558.50 "
4/28/2007,常熟,宠物用品,92,"21,136.42 ","22,115.23 "
5/31/2007,常熟,宠物用品,100,"27,499.51 ","30,712.18 "
6/13/2007,常熟,宠物用品,140,"29,993.53 ","32,726.66 "
7/16/2007,常熟,宠物用品,108,"34,682.76 ","35,738.66 "
9/14/2007,常熟,宠物用品,72,"12,492.95 ","11,098.92 "
10/19/2007,常熟,宠物用品,32,"30,449.31 ","29,398.00 "
11/20/2007,常熟,宠物用品,12,"12,125.30 ","11,641.51 "
3/23/2007,苏州,宠物用品,20,"22,920.96 ","22,707.05 "
9/24/2007,苏州,服装,60,"17,794.93 ","18,667.47 "
3/23/2007,常熟,宠物用品,24,"8,325.07 ","8,601.75 "
4/28/2007,苏州,宠物用品,4000,"67,654.58 ","35,420.34 "
5/31/2007,苏州,宠物用品,100,"20,199.94 ","21,929.73 "
6/13/2007,苏州,宠物用品,42,"5,455.54 ","3,592.30 "
7/16/2007,苏州,宠物用品,120,"14,260.87 ","12,651.79 "
9/14/2007,苏州,宠物用品,30,"3,872.33 ","3,317.89 "
10/19/2007,苏州,宠物用品,60,"5,470.23 ","5,275.95 "
11/20/2007,苏州,宠物用品,30,"3,108.99 ","2,871.84 "
9/24/2007,常熟,服装,150,"12,373.67 ","11,757.98 "
11/30/2007,苏州,彩盒,40,982.18 ,880.03 
11/30/2007,苏州,彩盒,640,"5,364.89 ",626.80 
11/30/2007,苏州,彩盒,260,"2,719.54 ","2,444.01 "
11/30/2007,苏州,彩盒,180,"1,629.05 ","1,468.46 "
11/30/2007,苏州,彩盒,80,"1,578.61 ",883.66 
11/30/2007,苏州,暖靴,160,"2,172.07 ","1,961.18 "
11/30/2007,苏州,睡袋,120,"1,967.32 ","1,771.36 "
11/30/2007,苏州,睡袋,160,"1,436.18 ","1,284.30 "
11/30/2007,苏州,睡袋,100,905.03 ,815.81 
11/30/2007,苏州,睡袋,360,"3,685.39 ","3,299.40 "
11/30/2007,苏州,睡袋,240,"32,776.86 ","34,040.29 "
11/30/2007,苏州,睡袋,120,"17,883.95 ","18,273.77 "
11/30/2007,苏州,睡袋,30,"7,150.47 ","7,235.60 "
12/12/2007,苏州,睡袋,240,"34,201.17 ","27,526.63 "
4/28/2007,苏州,睡袋,80,"8,213.50 ","6,359.26 "
4/28/2007,常熟,宠物用品,80,"8,943.46 ","6,810.46 "
5/31/2007,常熟,宠物用品,240,"46,040.72 ","36,140.10 "
6/13/2007,常熟,宠物用品,30,"2,325.63 ","2,117.62 "
7/16/2007,常熟,宠物用品,260,"24,070.79 ","21,964.92 "
9/14/2007,常熟,宠物用品,150,"16,824.63 ","14,276.14 "
10/19/2007,常熟,宠物用品,60,"6,894.54 ","5,974.57 "
11/20/2007,常熟,宠物用品,60,"7,415.30 ","6,650.99 "
5/31/2007,苏州,宠物用品,180,"13,673.35 ","11,660.44 "
12/4/2007,昆山,彩盒,200,"8,071.07 ","7,483.35 "
12/4/2007,昆山,彩盒,160,"6,456.86 ","5,976.42 "
12/4/2007,昆山,彩盒,100,"4,035.54 ","3,703.01 "
12/12/2007,昆山,彩盒,120,"3,169.08 ","3,004.03 "
11/30/2007,常熟,彩盒,96,"3,646.23 ","2,896.54 "
11/30/2007,常熟,彩盒,210,"14,020.52 ","9,550.24 "
11/30/2007,常熟,彩盒,90,"7,083.70 ","5,560.08 "
11/30/2007,常熟,彩盒,240,"4,237.31 ","4,373.98 "
11/30/2007,常熟,彩盒,240,"4,237.31 ","4,374.19 "
12/4/2007,昆山,暖靴,100,"1,765.55 ","1,825.07 "
12/4/2007,昆山,暖靴,100,"7,596.30 ","5,805.03 "
12/4/2007,昆山,暖靴,100,897.61 ,837.00 
12/4/2007,昆山,暖靴,120,"2,109.75 ","1,997.58 "
12/4/2007,昆山,暖靴,20,219.58 ,202.79 
11/30/2007,常熟,暖靴,460,"3,856.01 ","3,454.60 "
11/30/2007,常熟,睡袋,100,"2,106.79 ","1,909.00 "
11/30/2007,常熟,睡袋,60,"1,495.52 ","1,328.40 "
11/30/2007,常熟,睡袋,60,"6,373.77 ","5,913.16 "
11/30/2007,常熟,睡袋,90,"10,929.33 ","10,024.50 "
11/30/2007,常熟,睡袋,102,"13,188.64 ","11,681.87 "
11/30/2007,常熟,睡袋,72,"8,022.41 ","7,118.80 "
11/30/2007,常熟,睡袋,30,"3,627.53 ","3,226.03 "
12/12/2007,常熟,睡袋,60,"14,478.97 ","14,547.91 "
5/31/2007,苏州,睡袋,420,"98,735.62 ","95,163.20 "
6/13/2007,苏州,睡袋,150,"38,589.81 ","38,767.63 "
7/16/2007,苏州,睡袋,42,"7,686.36 ","7,640.09 "
9/14/2007,苏州,睡袋,30,"5,959.83 ","5,904.75 "
10/19/2007,苏州,睡袋,48,"21,553.32 ","17,921.21 "
11/20/2007,苏州,睡袋,48,"23,023.92 ","19,270.44 "
4/28/2007,常熟,睡袋,72,"26,112.89 ","21,935.29 "
5/31/2007,常熟,宠物用品,180,"70,449.78 ","59,218.65 "
3/23/2007,苏州,宠物用品,150,"41,750.00 ","35,834.38 "
3/21/2007,苏州,宠物用品,60,"18,898.77 ","16,033.91 "
3/23/2007,苏州,宠物用品,42,"18,637.95 ","15,879.07 "
10/24/2007,苏州,服装,90,"27,954.25 ","24,237.50 "
5/31/2007,常熟,睡袋,30,"7,390.82 ","7,012.14 "
6/13/2007,常熟,睡袋,18,"10,329.79 ","8,678.10 "
7/16/2007,常熟,睡袋,300,"35,830.22 ","32,115.05 "
9/14/2007,常熟,睡袋,90,"40,412.48 ","33,468.42 "
10/19/2007,常熟,睡袋,525,"9,269.12 ","9,585.52 "
11/20/2007,常熟,睡袋,525,"9,269.12 ","9,616.95 "
7/19/2007,昆山,睡袋,450,"7,944.96 ","8,179.11 "
8/22/2007,昆山,睡袋,266,"4,696.36 ","4,870.95 "
9/18/2007,昆山,睡袋,266,"4,696.36 ","4,871.19 "
10/22/2007,昆山,睡袋,228,"4,025.45 ","4,174.36 "
11/27/2007,昆山,睡袋,400,"3,353.06 ",388.00 
12/12/2007,昆山,睡袋,402,"48,012.49 ","44,429.38 "
6/18/2007,昆山,睡袋,700,"6,698.69 ","7,221.62 "
6/18/2007,苏州,睡袋,102,"24,614.25 ","23,950.69 "
7/19/2007,苏州,睡袋,246,"57,830.87 ","55,992.58 "
8/22/2007,苏州,睡袋,54,"14,148.71 ","13,818.11 "
9/18/2007,苏州,睡袋,114,"29,328.26 ","28,500.57 "
10/22/2007,苏州,睡袋,102,"18,666.88 ","17,843.89 "
11/27/2007,苏州,睡袋,30,"5,959.83 ","5,703.44 "
12/12/2007,苏州,睡袋,24,"7,454.47 ","6,569.78 "
11/30/2007,苏州,彩盒,24,"5,912.65 ","5,545.04 "
12/12/2007,苏州,彩盒,6,"2,877.54 ","2,696.49 "
3/16/2007,苏州,宠物用品,30,"13,470.83 ","12,278.49 "
7/19/2007,昆山,宠物用品,24,"11,511.96 ","10,578.05 "
8/22/2007,昆山,宠物用品,48,"17,408.59 ","15,880.05 "
9/18/2007,昆山,宠物用品,156,"55,351.24 ","50,482.60 "
3/23/2007,苏州,睡袋,36,"14,525.26 ","13,096.60 "
3/23/2007,常熟,宠物用品,90,"25,050.00 ","22,910.16 "
3/21/2007,常熟,宠物用品,78,"9,315.86 ","7,787.68 "
3/23/2007,常熟,宠物用品,30,"3,879.01 ","3,405.02 "
2/13/2007,昆山,宠物用品,48,"5,828.98 ","5,857.00 "
3/21/2007,昆山,宠物用品,18,"2,400.85 ","2,187.98 "
4/28/2007,昆山,宠物用品,48,"5,348.27 ","4,656.80 "
5/25/2007,昆山,宠物用品,30,"3,627.53 ","3,106.66 "
6/18/2007,昆山,宠物用品,66,"5,699.01 ","5,805.34 "
10/24/2007,常熟,服装,48,"4,376.18 ","4,255.84 "
9/24/2007,苏州,宠物用品,78,"8,083.39 ","7,503.87 "
1/24/2007,苏州,宠物用品,30,"3,382.73 ","3,106.62 "
2/13/2007,苏州,宠物用品,78,"7,221.24 ","7,215.70 "
3/21/2007,苏州,宠物用品,30,"2,959.89 ","2,922.39 "
4/28/2007,苏州,宠物用品,36,"4,037.91 ","3,828.85 "
5/25/2007,苏州,宠物用品,30,"3,275.91 ","3,310.02 "
6/18/2007,苏州,宠物用品,30,"3,447.27 ","3,490.45 "
7/19/2007,苏州,宠物用品,32,"3,954.83 ","4,172.49 "
8/22/2007,苏州,宠物用品,32,"4,154.23 ","4,415.71 "
9/18/2007,苏州,宠物用品,54,"7,014.27 ","5,362.94 "
1/24/2007,昆山,宠物用品,68,"6,981.48 ","5,905.90 "
7/16/2007,苏州,睡袋,56,"6,260.42 ","5,350.59 "
9/14/2007,苏州,睡袋,28,"2,997.28 ","2,638.30 "
10/19/2007,苏州,睡袋,40,"3,637.92 ","2,972.43 "
11/20/2007,苏州,睡袋,28,"2,787.49 ","2,361.28 "
3/21/2007,苏州,宠物用品,30,"2,423.55 ","2,079.58 "
6/18/2007,常熟,睡袋,48,"5,825.42 ","4,013.39 "
7/19/2007,常熟,睡袋,28,"2,635.86 ","2,665.67 "
8/22/2007,常熟,睡袋,26,"4,987.74 ","4,339.16 "
9/18/2007,常熟,睡袋,28,"4,010.91 ","3,060.90 "
10/22/2007,常熟,睡袋,18,"5,048.72 ","3,910.21 "
11/27/2007,常熟,睡袋,80,"3,228.43 ","2,912.97 "
12/12/2007,常熟,睡袋,60,"1,059.33 ","1,045.79 "
12/12/2007,昆山,彩盒,60,"1,059.33 ","1,045.75 "
12/12/2007,昆山,彩盒,336,"12,761.79 ","11,066.48 "
11/30/2007,常熟,彩盒,186,"12,418.18 ","8,386.68 "
12/12/2007,常熟,彩盒,24,"1,823.11 ","1,700.58 "
3/16/2007,常熟,宠物用品,78,"6,434.31 ","5,924.62 "
9/24/2007,苏州,睡袋,30,"3,186.89 ","2,893.68 "
11/15/2007,无锡,彩盒,20,"3,519.22 ","2,831.71 "
3/23/2007,常熟,睡袋,300,"55,169.64 ","47,568.46 "
9/24/2007,常熟,宠物用品,500,"45,436.87 ","47,821.34 "
1/24/2007,常熟,宠物用品,500,"86,274.42 ","75,570.53 "
2/13/2007,常熟,宠物用品,100,"33,248.66 ","22,872.76 "
3/21/2007,常熟,宠物用品,100,"13,568.01 ","10,418.61 "
4/28/2007,常熟,宠物用品,200,"29,124.11 ","22,402.94 "
5/25/2007,常熟,宠物用品,250,"11,665.22 ","9,740.15 "
6/18/2007,常熟,宠物用品,250,"11,665.22 ","9,723.77 "
7/19/2007,常熟,宠物用品,500,"4,450.96 ","3,669.71 "
8/22/2007,常熟,宠物用品,500,"23,330.44 ","19,384.85 "
9/18/2007,常熟,宠物用品,750,"57,194.82 ","48,373.73 "
11/30/2007,苏州,彩盒,500,"53,077.69 ","52,521.67 "
11/30/2007,苏州,睡袋,200,"21,720.68 ","21,644.27 "
11/30/2007,苏州,睡袋,250,"43,211.39 ","41,653.13 "
3/16/2007,苏州,宠物用品,200,"43,203.98 ","35,449.60 "
12/24/2007,无锡,暖靴,250,"15,689.63 ","13,427.45 "
7/16/2007,常熟,睡袋,200,"16,972.99 ","13,277.78 "
9/14/2007,常熟,睡袋,300,"18,827.56 ","12,963.65 "
10/19/2007,常熟,睡袋,250,"17,247.47 ","13,305.10 "
11/20/2007,常熟,睡袋,300,"13,998.27 ","11,652.46 "
3/21/2007,常熟,宠物用品,1000,"141,614.68 ","121,226.42 "
1/24/2007,苏州,宠物用品,750,"68,155.31 ","59,825.02 "
1/24/2007,昆山,宠物用品,75,"25,031.08 ","20,580.39 "
7/19/2007,昆山,宠物用品,300,"82,454.02 ","67,713.51 "
8/22/2007,昆山,宠物用品,100,"29,153.78 ","24,147.80 "
9/18/2007,昆山,宠物用品,100,"23,093.06 ","19,684.78 "
10/22/2007,昆山,宠物用品,250,"43,063.03 ","37,807.47 "
11/27/2007,昆山,宠物用品,500,"30,748.71 ","27,473.22 "
12/12/2007,昆山,宠物用品,200,"28,248.75 ","22,579.08 "
3/21/2007,苏州,宠物用品,300,"26,705.75 ","20,823.99 "
4/28/2007,苏州,宠物用品,300,"23,033.71 ","21,648.42 "
5/25/2007,苏州,宠物用品,350,"18,745.96 ","20,395.30 "
6/18/2007,苏州,宠物用品,350,"22,328.98 ","20,630.14 "
7/19/2007,苏州,宠物用品,350,"16,227.45 ","8,299.50 "
8/22/2007,苏州,宠物用品,350,"17,915.11 ","8,876.29 "
9/18/2007,苏州,宠物用品,175,"11,164.49 ","10,857.63 "
10/22/2007,苏州,宠物用品,250,"25,036.64 ","22,460.06 "
11/27/2007,苏州,宠物用品,150,"13,408.51 ","14,963.80 "
12/12/2007,苏州,宠物用品,300,"27,373.40 ","29,498.15 "
7/16/2007,苏州,睡袋,150,"14,832.82 ","15,608.44 "
9/14/2007,苏州,睡袋,300,"25,593.01 ","25,923.60 "
10/19/2007,苏州,睡袋,200,"17,803.84 ","13,882.66 "
11/20/2007,苏州,睡袋,400,"45,963.57 ","35,552.28 "
2/13/2007,昆山,宠物用品,400,"26,854.12 ","21,093.82 "
3/21/2007,昆山,宠物用品,500,"44,249.95 ","34,876.94 "
4/28/2007,昆山,宠物用品,300,"40,436.96 ","33,034.23 "
5/25/2007,昆山,宠物用品,168,"5,109.70 ","5,639.21 "
6/18/2007,昆山,宠物用品,168,"5,109.70 ","5,638.63 "
2/13/2007,苏州,宠物用品,168,"5,109.70 ","5,774.23 "
9/24/2007,常熟,睡袋,600,"66,986.93 ","63,520.68 "
12/12/2007,昆山,彩盒,500,"44,509.59 ","35,006.21 "
11/30/2007,常熟,彩盒,200,"21,067.87 ","18,983.62 "
9/4/2007,无锡,暖靴,300,"33,382.19 ","25,897.05 "
11/30/2007,苏州,暖靴,300,"17,581.29 ","16,592.95 "
11/30/2007,苏州,睡袋,300,"28,263.59 ","25,988.99 "
11/30/2007,常熟,睡袋,300,"19,606.47 ","15,318.33 "
11/30/2007,苏州,睡袋,300,"28,041.04 ","21,038.21 "
11/30/2007,常熟,睡袋,350,"13,371.42 ","12,044.94 "
11/30/2007,苏州,睡袋,400,"14,688.16 ","12,182.98 "
11/30/2007,苏州,睡袋,300,"33,382.19 ","27,066.00 "
11/30/2007,苏州,睡袋,350,"18,745.96 ","20,424.60 "
11/30/2007,苏州,睡袋,200,"21,780.03 ","18,157.72 "
11/30/2007,苏州,睡袋,700,"50,629.66 ","41,843.75 "
12/12/2007,苏州,睡袋,200,"27,551.44 ","22,559.30 "
11/30/2007,苏州,睡袋,1000,"77,891.78 ","65,748.74 "
3/16/2007,苏州,睡袋,300,"18,916.58 ","16,784.97 "
3/16/2007,常熟,宠物用品,800,"57,862.47 ","49,240.48 "
1/24/2007,常熟,宠物用品,300,"26,817.03 ","28,908.25 "
5/31/2007,苏州,服装,300,"27,373.40 ","29,534.38 "
1/24/2007,昆山,睡袋,300,"29,665.64 ","30,691.92 "
2/13/2007,昆山,睡袋,350,"45,696.51 ","35,954.52 "
3/21/2007,昆山,睡袋,350,"15,188.90 ","14,452.34 "
4/28/2007,昆山,睡袋,750,"36,164.04 ","28,763.83 "
5/25/2007,昆山,睡袋,350,"25,963.93 ","21,767.53 "
1/24/2007,苏州,睡袋,400,"45,963.57 ","35,530.36 "
2/13/2007,苏州,睡袋,400,"26,854.12 ","21,047.73 "
3/21/2007,苏州,睡袋,400,"24,331.91 ","19,031.68 "
4/28/2007,苏州,睡袋,500,"44,249.95 ","34,887.21 "
5/25/2007,苏州,睡袋,600,"44,109.00 ","34,342.33 "
3/21/2007,常熟,宠物用品,500,"49,516.92 ","35,842.35 "
4/28/2007,常熟,宠物用品,850,"133,487.97 ","105,034.78 "
5/25/2007,常熟,宠物用品,300,"40,436.96 ","33,046.97 "
6/18/2007,常熟,宠物用品,400,"24,331.91 ","19,038.50 "
7/19/2007,常熟,宠物用品,500,"36,757.50 ","22,331.26 "
8/22/2007,常熟,宠物用品,400,"39,613.54 ","28,728.01 "
9/18/2007,常熟,宠物用品,700,"109,931.27 ","86,599.49 "
10/22/2007,常熟,宠物用品,200,"3,234.36 ","1,287.41 "
11/27/2007,常熟,宠物用品,200,"3,234.36 ","1,274.09 "
12/12/2007,常熟,宠物用品,200,"3,234.36 ","1,414.56 "
7/16/2007,常熟,睡袋,500,"8,085.91 ","3,179.90 "
9/14/2007,常熟,睡袋,500,"8,085.91 ","3,146.60 "
10/19/2007,常熟,睡袋,500,"8,085.91 ","3,486.92 "
11/20/2007,常熟,睡袋,500,"11,090.31 ","6,873.55 "
2/1/2007,无锡,警告标,504,"10,506.04 ","6,107.17 "
2/13/2007,常熟,宠物用品,504,"10,506.04 ","6,106.89 "
11/30/2007,苏州,睡袋,120,"2,848.61 ","1,862.41 "
11/30/2007,苏州,睡袋,200,"4,436.12 ","2,896.92 "
11/30/2007,苏州,睡袋,180,"5,581.50 ","4,044.80 "
11/30/2007,苏州,睡袋,357,"9,745.82 ","8,702.00 "
11/30/2007,苏州,睡袋,357,"9,745.82 ","8,780.29 "
11/30/2007,苏州,睡袋,492,"11,971.30 ","11,462.51 "
12/12/2007,苏州,睡袋,492,"11,971.30 ","11,322.36 "
11/30/2007,苏州,睡袋,600,"19,673.24 ","16,156.10 "
7/16/2007,苏州,睡袋,600,"25,904.58 ","21,108.18 "
9/14/2007,苏州,睡袋,552,"28,950.82 ","13,483.05 "
10/19/2007,苏州,睡袋,560,"38,468.15 ","34,171.56 "
11/20/2007,苏州,睡袋,5907,"161,256.46 ","142,566.33 "
11/30/2007,常熟,暖靴,5907,"161,256.46 ","142,605.59 "
11/30/2007,常熟,睡袋,4104,"146,742.78 ","136,749.04 "
11/30/2007,常熟,睡袋,2300,"122,846.47 ","96,140.54 "
11/30/2007,常熟,睡袋,1150,"61,423.23 ","48,373.08 "
11/30/2007,常熟,睡袋,1150,"61,423.23 ","44,929.98 "
11/30/2007,常熟,睡袋,2300,"122,846.47 ","109,820.83 "
11/30/2007,常熟,睡袋,1150,"61,423.23 ","53,433.78 "
11/30/2007,常熟,睡袋,1150,"61,423.23 ","50,038.81 "
12/12/2007,常熟,睡袋,1000,"46,660.89 ","33,542.15 "
11/30/2007,常熟,睡袋,4500,"307,449.99 ","295,624.36 "
8/15/2007,苏州,服装,2000,"213,200.94 ","207,873.77 "
2/7/2007,无锡,暖靴,1500,"69,991.33 ","52,270.35 "
3/16/2007,常熟,睡袋,295,"31,447.14 ","21,648.34 "
4/28/2007,苏州,彩盒,2000,"213,200.94 ","196,237.32 "
7/19/2007,昆山,睡袋,500,"25,407.56 ","20,904.41 "
8/22/2007,昆山,睡袋,500,"25,407.56 ","20,608.71 "
9/18/2007,昆山,睡袋,3000,"264,832.06 ","222,258.50 "
10/22/2007,昆山,睡袋,2705,"288,354.27 ","198,504.23 "
11/27/2007,昆山,睡袋,1512,"142,448.49 ","137,021.67 "
12/12/2007,昆山,睡袋,1512,"142,448.49 ","138,594.55 "
3/16/2007,苏州,宠物用品,1512,"142,448.49 ","138,577.99 "
5/31/2007,常熟,服装,1512,"142,448.49 ","137,427.88 "
12/4/2007,南京,彩盒,1512,"142,448.49 ","135,432.15 "
5/31/2007,苏州,彩盒,1644,"45,123.82 ","39,619.32 "
6/13/2007,苏州,彩盒,780,"21,409.11 ","18,970.37 "
7/16/2007,苏州,彩盒,176,"25,198.36 ","21,338.99 "
8/22/2007,苏州,彩盒,132,"16,842.43 ","19,639.76 "
9/14/2007,苏州,彩盒,352,"48,829.99 ","46,321.58 "
12/4/2007,南京,暖靴,440,"59,568.67 ","57,198.11 "
12/4/2007,南京,暖靴,180,"4,206.16 ","4,315.59 "
12/4/2007,南京,暖靴,180,"4,206.16 ","4,315.59 "
12/4/2007,南京,暖靴,1872,"43,744.03 ","44,854.86 "
12/4/2007,南京,暖靴,1872,"43,744.03 ","44,429.78 "
9/25/2007,无锡,彩盒,993,"23,203.96 ","22,306.50 "
8/29/2007,无锡,警告标,993,"23,203.96 ","22,071.18 "
6/18/2007,昆山,睡袋,894,"20,890.58 ","23,712.23 "
6/18/2007,苏州,睡袋,894,"20,890.58 ","20,528.44 "
7/19/2007,苏州,睡袋,792,"18,507.09 ","18,988.62 "
8/22/2007,苏州,睡袋,792,"18,507.09 ","18,770.80 "
9/18/2007,苏州,睡袋,1686,"39,397.66 ","37,475.99 "
10/22/2007,苏州,睡袋,1686,"39,397.66 ","37,076.48 "
11/27/2007,苏州,睡袋,2097,"49,001.72 ","46,733.77 "
12/12/2007,苏州,睡袋,2097,"49,001.72 ","45,828.00 "
1/24/2007,常熟,睡袋,204,"10,093.88 ","11,540.72 "
2/13/2007,常熟,睡袋,342,"18,698.03 ","21,083.87 "
3/21/2007,常熟,睡袋,1272,"48,784.29 ","41,149.97 "
4/28/2007,常熟,睡袋,204,"11,153.21 ","12,576.34 "
5/25/2007,常熟,睡袋,1050,"40,270.05 ","20,948.79 "
10/19/2007,苏州,彩盒,198,"7,667.22 ","6,409.09 "
11/20/2007,苏州,彩盒,198,"11,897.41 ","9,776.16 "
1/24/2007,苏州,宠物用品,198,"14,849.73 ","13,332.01 "
2/13/2007,苏州,宠物用品,200,"13,530.92 ","14,250.18 "
3/21/2007,苏州,宠物用品,200,"12,818.76 ","12,387.53 "
2/13/2007,昆山,宠物用品,42,"2,841.49 ","2,887.94 "
3/21/2007,昆山,宠物用品,250,"16,913.64 ","17,776.79 "
1/24/2007,昆山,宠物用品,1662,"63,741.74 ","58,675.42 "
12/4/2007,南京,彩盒,170,"11,816.55 ","9,611.17 "
12/4/2007,南京,彩盒,170,"7,869.30 ","6,376.87 "
12/12/2007,南京,彩盒,170,"13,292.05 ","9,870.29 "
9/27/2007,无锡,暖靴,132,"1,175.05 ",897.58 
11/30/2007,常熟,睡袋,252,"3,009.74 ","2,236.47 "
11/30/2007,常熟,睡袋,144,"3,461.07 ","1,816.05 "
11/30/2007,常熟,睡袋,144,"3,866.99 ","2,005.79 "
11/30/2007,常熟,睡袋,144,"4,539.98 ","2,084.90 "
11/30/2007,常熟,睡袋,118,"7,563.07 ","7,474.80 "
11/30/2007,常熟,睡袋,82,"5,255.69 ","5,116.45 "
12/12/2007,常熟,睡袋,120,"35,794.61 ","32,019.10 "
11/30/2007,常熟,睡袋,324,"104,384.78 ","94,327.10 "
6/18/2007,昆山,睡袋,138,"48,084.16 ","42,369.00 "
7/16/2007,常熟,睡袋,156,"20,008.84 ","19,951.33 "
9/14/2007,常熟,睡袋,366,"53,107.06 ","48,408.63 "
10/19/2007,常熟,睡袋,36,"5,581.50 ","5,182.24 "
11/20/2007,常熟,睡袋,24,"11,636.59 ","9,911.91 "
9/24/2007,苏州,暖靴,102,"52,784.81 ","44,501.74 "
11/30/2007,苏州,警告标,54,"27,944.90 ","23,806.40 "
11/20/2007,苏州,睡袋,36,"19,618.05 ","16,577.89 "
8/15/2007,常熟,服装,24,"13,078.70 ","11,019.33 "
4/26/2007,无锡,彩盒,366,"144,198.16 ","99,854.08 "
6/22/2007,无锡,彩盒,162,"69,041.05 ","55,050.93 "
6/18/2007,苏州,睡袋,18,"20,953.33 ","19,394.07 "
4/28/2007,常熟,彩盒,42,"48,891.11 ","45,271.40 "
10/19/2007,苏州,睡袋,24,"29,759.11 ","27,641.66 "
12/29/2007,无锡,警告标,18,"22,319.33 ","20,792.48 "
3/16/2007,常熟,宠物用品,12 ,"1,140.38 ","1,165.88 "
11/30/2007,苏州,睡袋,12 ,"1,140.38 ","1,152.30 "
11/30/2007,苏州,睡袋,36 ,"3,890.61 ","3,882.33 "
11/30/2007,苏州,睡袋,36 ,"3,890.61 ","3,777.81 "
11/30/2007,苏州,睡袋,9,785.71 ,786.35 
11/30/2007,苏州,睡袋,9,785.71 ,786.35 
12/12/2007,苏州,睡袋,150,"13,095.19 ","12,226.70 "
5/31/2007,常熟,彩盒,150,"13,095.19 ","12,272.38 "
6/13/2007,常熟,彩盒,312 ,"31,428.46 ","28,528.29 "
7/16/2007,常熟,彩盒,312 ,"31,428.46 ","28,502.25 "
8/22/2007,常熟,彩盒,150 ,"16,210.86 ","14,968.87 "
9/14/2007,常熟,彩盒,150 ,"16,210.86 ","14,944.88 "
11/30/2007,苏州,警告标,150 ,"14,254.78 ","12,854.72 "
11/30/2007,苏州,警告标,150 ,"14,254.78 ","11,955.36 "
11/30/2007,苏州,警告标,326 ,"32,838.71 ","29,813.85 "
11/30/2007,苏州,睡袋,326 ,"32,838.71 ","29,921.65 "
6/18/2007,常熟,睡袋,255 ,"24,233.13 ","24,111.11 "
7/19/2007,常熟,睡袋,255 ,"24,233.13 ","24,113.11 "
8/22/2007,常熟,睡袋,150 ,"14,254.78 ","12,883.99 "
9/18/2007,常熟,睡袋,150 ,"14,254.78 ","13,198.98 "
10/22/2007,常熟,睡袋,250,"90,776.14 ","51,653.00 "
11/27/2007,常熟,睡袋,250,"64,421.78 ","35,987.82 "
12/12/2007,常熟,睡袋,250,"59,541.34 ","31,113.18 "
7/16/2007,苏州,睡袋,300,"48,023.51 ","28,736.90 "
9/14/2007,苏州,睡袋,400,"44,665.76 ","26,832.53 "
5/24/2007,无锡,服装,200,"24,987.84 ","15,567.91 "
10/19/2007,常熟,彩盒,130,"6,548.10 ","5,336.20 "
11/20/2007,常熟,彩盒,400,"7,893.03 ","7,182.64 "
1/24/2007,常熟,宠物用品,8,"5,026.62 ","4,666.41 "
2/13/2007,常熟,宠物用品,8,"5,026.62 ","4,896.76 "
3/21/2007,常熟,宠物用品,8,"5,430.17 ","5,026.07 "
1/29/2007,无锡,彩盒,8,"5,430.17 ","5,024.32 "
12/29/2007,无锡,睡袋,8,"5,136.41 ","4,587.58 "
9/5/2007,无锡,暖靴,8,"5,507.32 ","4,995.40 "
5/31/2007,苏州,宠物用品,8,"5,964.29 ","5,409.09 "
11/30/2007,苏州,警告标,8,"6,403.45 ","5,924.89 "
12/12/2007,苏州,警告标,50,"21,253.33 ","21,583.72 "
9/6/2007,无锡,彩盒,50,"22,588.62 ","22,168.17 "
6/22/2007,无锡,警告标,110,"49,694.96 ","48,686.33 "
8/22/2007,无锡,警告标,130,"63,070.09 ","64,076.70 "
10/16/2007,无锡,警告标,110,"53,367.00 ","54,266.52 "
3/14/2007,无锡,暖靴,40,"15,073.91 ","15,047.35 "
12/29/2007,无锡,暖靴,40,"15,073.91 ","15,053.04 "
11/15/2007,无锡,暖靴,30,"12,128.86 ","12,130.92 "
7/19/2007,昆山,睡袋,30,"9,547.31 ","9,959.43 "
8/22/2007,昆山,睡袋,30,"9,547.31 ","9,959.43 "
9/18/2007,昆山,睡袋,30,"10,237.21 ","10,582.10 "
10/22/2007,昆山,睡袋,90,"56,549.43 ","52,872.78 "
11/27/2007,昆山,睡袋,90,"56,549.43 ","55,102.09 "
9/24/2007,常熟,暖靴,110,"74,664.84 ","69,611.90 "
12/12/2007,昆山,睡袋,70,"20,173.97 ","18,076.44 "
11/30/2007,常熟,警告标,110,"74,664.84 ","69,634.30 "
12/4/2007,昆山,睡袋,60,"24,925.37 ","23,567.01 "
12/4/2007,昆山,睡袋,100,"27,002.48 ","23,536.02 "
12/4/2007,昆山,睡袋,60,"38,523.05 ","33,918.51 "
12/4/2007,昆山,睡袋,50,"34,420.75 ","30,933.07 "
5/29/2007,无锡,彩盒,160,"119,285.70 ","107,468.59 "
11/20/2007,常熟,睡袋,110,"88,047.39 ","81,132.88 "
11/22/2007,无锡,警告标,30,"12,752.00 ","12,941.48 "
10/26/2007,无锡,警告标,100,"1,387.22 ","1,194.26 "
7/11/2007,无锡,警告标,80,"1,026.69 ",767.76 
6/18/2007,常熟,睡袋,40,"17,002.66 ","17,238.47 "
11/30/2007,苏州,警告标,40,"17,002.66 ","17,223.10 "
5/31/2007,苏州,警告标,120,"54,212.68 ","53,013.77 "
6/13/2007,苏州,警告标,140,"63,248.13 ","61,746.90 "
10/19/2007,常熟,睡袋,60,"29,109.27 ","28,668.48 "
4/28/2007,苏州,警告标,120,"58,218.54 ","57,081.03 "
11/30/2007,常熟,睡袋,30,"10,615.54 ","10,907.39 "
11/30/2007,常熟,睡袋,40,"14,154.05 ","14,504.14 "
11/30/2007,常熟,睡袋,40,"15,073.91 ","14,997.40 "
11/30/2007,常熟,睡袋,30,"9,547.31 ","9,937.93 "
11/30/2007,常熟,睡袋,30,"9,547.31 ","9,981.96 "
12/12/2007,常熟,睡袋,100,"62,832.70 ","57,283.47 "
12/4/2007,昆山,警告标,90,"56,549.43 ","53,828.28 "
12/4/2007,昆山,警告标,110,"74,664.84 ","68,030.83 "
11/30/2007,常熟,警告标,110,"74,664.84 ","70,014.25 "
11/30/2007,常熟,警告标,30,"12,462.69 ","11,781.97 "
11/30/2007,常熟,警告标,100,"27,002.48 ","23,045.54 "
11/30/2007,常熟,睡袋,80,"23,055.97 ","20,775.89 "
7/16/2007,常熟,睡袋,50,"32,102.54 ","28,281.42 "
9/14/2007,常熟,睡袋,50,"34,420.75 ","30,815.55 "
11/12/2007,无锡,暖靴,140,"104,374.99 ","93,410.54 "
3/23/2007,苏州,彩盒,110,"88,047.39 ","81,133.06 "
9/14/2007,苏州,警告标,120,"1,664.66 ","1,544.74 "
7/19/2007,苏州,睡袋,90,"1,155.02 ",860.70 
8/22/2007,苏州,睡袋,200,51.93 ,56.50 
9/18/2007,苏州,睡袋,200,51.93 ,54.42 
10/22/2007,苏州,睡袋,156,"2,268.21 ","1,770.87 "
11/27/2007,苏州,睡袋,156,"2,268.21 ","1,787.60 "
12/12/2007,苏州,睡袋,150,"2,058.57 ","1,593.03 "
5/31/2007,苏州,暖靴,100,51.93 ,28.25 
11/30/2007,苏州,睡袋,100,51.93 ,35.49 
5/31/2007,常熟,宠物用品,100,51.93 ,27.21 
12/12/2007,昆山,警告标,100,111.27 ,98.98 
12/12/2007,昆山,警告标,100,111.27 ,98.98 
12/12/2007,昆山,警告标,100,111.27 ,98.98 
11/30/2007,常熟,警告标,50,12.98 ,17.74 
12/12/2007,常熟,警告标,50,12.98 ,13.60 
7/16/2007,苏州,警告标,104,"1,512.14 ","1,180.58 "
11/30/2007,苏州,睡袋,104,"1,512.14 ","1,191.73 "
11/13/2007,无锡,警告标,100,"1,372.38 ","1,062.02 "
5/21/2007,无锡,暖靴,1504,"59,020.90 ","53,181.85 "
3/28/2007,无锡,睡袋,1504,"59,020.90 ","53,909.05 "
8/22/2007,苏州,警告标,1504,"59,020.90 ","54,227.09 "
10/19/2007,苏州,警告标,4550,"19,914.33 ","23,717.15 "
4/28/2007,苏州,暖靴,4700,"2,440.61 ","3,431.00 "
7/27/2007,无锡,彩盒,156,"7,742.00 ","6,725.01 "
11/20/2007,苏州,警告标,156,"7,742.00 ","6,489.56 "
11/22/2007,无锡,彩盒,156,"7,742.00 ","7,243.17 "
12/12/2007,南京,彩盒,500,445.10 ,426.15 
12/12/2007,南京,彩盒,350,"5,971.70 ","5,859.86 "
12/12/2007,昆山,警告标,100,"33,753.11 ","27,247.03 "
11/30/2007,常熟,警告标,50,"16,876.55 ","13,009.76 "
3/27/2007,无锡,暖靴,100,"33,753.11 ","27,849.28 "
5/22/2007,无锡,暖靴,35,"11,450.09 ","9,997.64 "
5/31/2007,常熟,警告标,25,"7,141.93 ","6,268.31 "
6/13/2007,常熟,警告标,140,"39,994.83 ","32,898.90 "
7/25/2007,无锡,暖靴,110,"31,424.51 ","25,493.73 "
1/30/2007,无锡,睡袋,100,"28,567.74 ","23,743.74 "
4/28/2007,常熟,警告标,40,"16,287.54 ","13,111.73 "
1/29/2007,无锡,彩盒,300,"122,156.57 ","99,974.16 "
6/18/2007,无锡,彩盒,200,"81,437.71 ","67,938.47 "
3/27/2007,无锡,警告标,50,"5,634.17 ","4,376.06 "
4/12/2007,无锡,睡袋,600,"244,313.14 ","188,581.40 "
4/27/2007,无锡,宠物用品,150,"36,369.02 ","44,358.94 "
10/16/2007,无锡,暖靴,1161,"9,473.87 ","8,538.23 "
9/18/2007,无锡,暖靴,1161,"9,473.87 ","8,437.96 "
3/13/2007,无锡,暖靴,1161,"9,473.87 ","8,442.36 "
2/9/2007,无锡,睡袋,1161,"9,473.87 ","8,438.42 "
3/15/2007,无锡,睡袋,1728,"36,020.72 ","33,641.78 "
8/14/2007,无锡,警告标,1728,"36,020.72 ","34,984.50 "
12/4/2007,昆山,睡袋,3480,"10,842.54 ","10,096.06 "
10/25/2007,无锡,暖靴,520,"7,252.10 ","7,083.09 "
9/13/2007,无锡,睡袋,520,"7,252.10 ","6,947.91 "
3/23/2007,无锡,暖靴,520,"7,252.10 ","6,947.91 "
3/23/2007,常熟,彩盒,520,"7,252.10 ","6,947.91 "
9/14/2007,常熟,警告标,765,"10,725.70 ","9,428.07 "
7/19/2007,常熟,睡袋,765,"10,725.70 ","9,299.69 "
8/22/2007,常熟,睡袋,765,"10,725.70 ","9,303.59 "
9/18/2007,常熟,睡袋,765,"10,725.70 ","9,291.77 "
10/22/2007,常熟,睡袋,4600,"2,388.68 ","1,978.00 "
11/27/2007,常熟,睡袋,3500,"1,817.47 ","1,505.00 "
12/12/2007,常熟,睡袋,2100,"1,090.48 ",903.00 
9/7/2007,无锡,警告标,3000,"1,557.84 ","1,290.00 "
5/31/2007,常熟,暖靴,38,"2,621.61 ","3,913.88 "
2/13/2007,无锡,彩盒,15,"13,661.11 ","12,996.56 "
9/28/2007,无锡,睡袋,7,"5,155.92 ","5,213.22 "
11/30/2007,常熟,睡袋,7,"6,906.40 ","7,145.87 "
7/27/2007,无锡,警告标,25,"11,494.60 ","11,699.27 "
7/16/2007,常熟,警告标,10,"4,479.15 ","4,594.68 "
11/30/2007,常熟,睡袋,32,"7,415.89 ","6,760.19 "
5/31/2007,苏州,宠物用品,25,"5,793.66 ","7,021.15 "
12/20/2007,无锡,警告标,12,"1,090.48 ",874.67 
8/22/2007,常熟,警告标,81,"7,360.77 ","5,054.77 "
10/19/2007,常熟,警告标,147,"13,358.44 ","9,365.30 "
4/28/2007,常熟,暖靴,67,"6,088.54 ","4,452.64 "
10/24/2007,苏州,睡袋,6,545.24 ,449.99 
10/30/2007,无锡,暖靴,8,712.15 ,759.31 
3/20/2007,无锡,服装,54,"4,807.04 ","3,369.64 "
11/20/2007,常熟,警告标,98,"8,723.88 ","6,244.53 "
5/16/2007,无锡,暖靴,44,"3,916.84 ","2,985.48 "
1/31/2007,无锡,警告标,4,356.08 ,315.96 
5/31/2007,苏州,睡袋,12,"1,090.48 ",745.35 
4/23/2007,无锡,彩盒,81,"7,360.77 ","5,080.39 "
5/24/2007,无锡,睡袋,147,"13,358.44 ","9,379.71 "
4/28/2007,苏州,睡袋,67,"6,088.54 ","4,442.05 "
11/6/2007,无锡,彩盒,6,545.24 ,426.50 
4/19/2007,无锡,彩盒,23,"1,919.48 ","1,621.53 "
6/13/2007,苏州,睡袋,46,"3,838.95 ","3,065.77 "
2/8/2007,无锡,服装,10,741.83 ,558.07 
7/5/2007,无锡,彩盒,78,"5,381.21 ","3,976.37 "
7/5/2007,无锡,彩盒,31,"2,529.63 ","2,283.46 "
10/26/2007,无锡,警告标,10,"1,205.47 ","1,138.11 "
11/26/2007,无锡,暖靴,68,"8,197.18 ","5,003.25 "
4/18/2007,无锡,睡袋,141,"16,997.10 ","10,500.96 "
9/28/2007,无锡,睡袋,89,"10,728.67 ","7,172.06 "
5/8/2007,无锡,睡袋,5,602.73 ,427.96 
5/15/2007,无锡,警告标,10,"1,186.92 ","2,342.64 "
6/13/2007,苏州,暖靴,68,"8,071.07 ","5,029.78 "
5/31/2007,无锡,服装,141,"16,735.61 ","10,499.30 "
11/16/2007,无锡,警告标,89,"10,563.61 ","6,982.76 "
10/31/2007,无锡,暖靴,5,593.46 ,418.97 
5/31/2007,苏州,宠物用品,12,"1,446.56 ","1,360.20 "
7/16/2007,苏州,暖靴,136,"16,394.37 ","9,576.90 "
8/22/2007,苏州,暖靴,262,"31,583.26 ","19,079.06 "
9/14/2007,苏州,暖靴,110,"13,260.15 ","8,697.92 "
12/12/2007,南京,彩盒,10,"1,205.47 ",838.19 
11/23/2007,无锡,警告标,68,"7,354.76 ","4,860.48 "
9/13/2007,无锡,暖靴,114,"12,330.05 ","7,840.05 "
4/19/2007,无锡,服装,93,"10,058.72 ","6,587.35 "
9/12/2007,无锡,宠物用品,38,"4,110.02 ","2,758.14 "
7/4/2007,无锡,暖靴,68,"7,354.76 ","5,023.41 "
11/20/2007,苏州,暖靴,115,"12,438.20 ","8,086.68 "
10/19/2007,苏州,暖靴,92,"9,950.56 ","6,668.09 "
6/7/2007,无锡,警告标,38,"4,110.02 ","2,823.25 "
4/20/2007,无锡,暖靴,21,"1,752.57 ","1,433.89 "
3/23/2007,苏州,警告标,21,"1,557.84 ",998.81 
5/31/2007,常熟,宠物用品,136,"10,088.84 ","6,710.18 "
9/24/2007,苏州,警告标,246,"18,248.93 ","12,993.24 "
6/6/2007,无锡,服装,110,"8,160.09 ","5,794.34 "
3/6/2007,无锡,服装,89,"9,362.00 ","5,699.67 "
10/10/2007,无锡,彩盒,147,"15,463.08 ","9,557.27 "
12/6/2007,无锡,警告标,126,"13,254.07 ","9,355.38 "
5/21/2007,无锡,睡袋,57,"5,995.89 ","4,026.38 "
10/24/2007,常熟,睡袋,42,"3,427.24 ","2,578.02 "
8/14/2007,无锡,警告标,73,"5,956.87 ","4,832.47 "
3/23/2007,苏州,暖靴,63,"5,140.86 ","4,551.58 "
5/29/2007,无锡,服装,31,"2,587.12 ","1,968.64 "
8/15/2007,苏州,宠物用品,55,"4,590.05 ","3,544.28 "
5/31/2007,常熟,睡袋,47,"3,922.41 ","3,126.44 "
12/4/2007,昆山,睡袋,63,"5,257.70 ","3,902.07 "
12/4/2007,昆山,睡袋,111,"9,263.56 ","7,220.12 "
12/12/2007,昆山,睡袋,94,"7,844.82 ","6,172.81 "
12/12/2007,昆山,睡袋,10,897.61 ,499.16 
12/12/2007,昆山,睡袋,136,"12,207.50 ","6,907.21 "
12/12/2007,昆山,睡袋,257,"23,068.58 ","13,338.26 "
8/13/2007,无锡,睡袋,110,"9,873.71 ","6,153.26 "
12/29/2007,无锡,彩盒,10,897.61 ,577.55 
2/13/2007,无锡,警告标,29,"2,420.21 ","1,796.62 "
9/13/2007,无锡,暖靴,55,"4,590.05 ","3,466.65 "
4/28/2007,常熟,睡袋,43,"3,588.59 ","2,749.99 "
12/27/2007,无锡,警告标,105,"7,243.94 ","4,874.45 "
8/20/2007,无锡,暖靴,183,"12,625.15 ","8,901.98 "
3/21/2007,苏州,彩盒,157,"10,831.41 ","7,580.00 "
7/18/2007,无锡,暖靴,105,"8,178.64 ","5,037.55 "
6/13/2007,常熟,睡袋,183,"14,254.20 ","9,193.64 "
12/17/2007,无锡,彩盒,157,"12,229.01 ","8,310.02 "
3/9/2007,无锡,宠物用品,78,"6,075.56 ","4,203.42 "
4/5/2007,无锡,宠物用品,1450,"305,484.15 ","331,856.46 "
7/23/2007,无锡,宠物用品,1150,"264,205.22 ","286,037.11 "
4/12/2007,无锡,宠物用品,1500,"300,105.91 ","336,731.78 "
6/14/2007,无锡,宠物用品,700,"149,967.65 ","164,471.28 "
4/25/2007,无锡,彩盒,70,"14,747.51 ","4,685.96 "
2/13/2007,无锡,暖靴,60,"13,784.62 ","3,917.47 "
9/28/2007,无锡,睡袋,75,"15,005.30 ","5,119.64 "
12/27/2007,无锡,警告标,35,"7,498.38 ","2,191.36 "
10/24/2007,无锡,暖靴,32,"8,818.83 ","23,625.08 "
12/6/2007,无锡,警告标,68,"18,740.02 ","4,512.38 "
6/29/2007,无锡,警告标,24,"11,818.19 ","10,936.09 "
6/13/2007,常熟,暖靴,30,"10,210.50 ","9,761.80 "
12/12/2007,昆山,睡袋,60,"20,932.86 ","19,521.66 "
11/27/2007,无锡,彩盒,30,"11,176.36 ","10,731.23 "
5/31/2007,常熟,宠物用品,54,"12,562.39 ","12,755.26 "
8/17/2007,无锡,暖靴,48,"11,440.75 ","11,440.90 "
7/16/2007,常熟,暖靴,42,"10,714.79 ","10,221.44 "
8/22/2007,常熟,暖靴,30,"3,186.89 ","2,988.71 "
9/14/2007,常熟,暖靴,24,"2,951.88 ","2,280.11 "
2/13/2007,无锡,睡袋,48,"5,828.98 ","5,382.18 "
2/13/2007,无锡,暖靴,900,"107,490.66 ","83,371.97 "
5/9/2007,无锡,暖靴,180,"25,650.88 ","19,588.95 "
11/20/2007,常熟,暖靴,30,"4,001.41 ","3,694.68 "
6/15/2007,无锡,警告标,72,"9,309.63 ","8,177.26 "
10/19/2007,常熟,暖靴,60,"7,793.63 ","5,765.37 "
7/10/2007,无锡,暖靴,150,"12,373.67 ","11,440.53 "
5/31/2007,苏州,警告标,120,"10,940.46 ","11,209.89 "
11/27/2007,昆山,睡袋,60,"6,217.99 ","20,112.18 "
6/18/2007,南京,睡袋,90,"10,148.19 ","9,911.57 "
3/23/2007,常熟,警告标,72,"8,049.11 ","7,093.59 "
9/24/2007,常熟,警告标,60,"6,422.73 ","5,608.56 "
12/12/2007,苏州,睡袋,160,"30,693.81 ","23,911.42 "
7/19/2007,昆山,睡袋,30,"1,673.56 ","1,311.06 "
10/24/2007,苏州,宠物用品,420,"38,883.58 ","37,841.22 "
5/9/2007,无锡,警告标,60,"6,551.81 ","7,368.97 "
5/15/2007,无锡,警告标,90,"10,341.80 ","11,726.86 "
3/23/2007,常熟,暖靴,120,"9,115.56 ","7,823.62 "
8/22/2007,昆山,睡袋,140,"13,179.29 ","16,378.48 "
1/24/2007,南京,宠物用品,320,"45,838.94 ","34,193.03 "
2/13/2007,南京,宠物用品,80,"22,438.77 ","16,715.89 "
3/21/2007,南京,宠物用品,200,"35,192.25 ","26,936.41 "
4/28/2007,南京,宠物用品,500,"43,916.13 ","37,801.23 "
5/25/2007,南京,宠物用品,144,"5,469.34 ","4,728.73 "
6/18/2007,南京,宠物用品,180,"12,017.59 ","8,280.38 "
8/15/2007,常熟,宠物用品,78,"6,139.21 ","4,938.50 "
10/22/2007,昆山,睡袋,240,"4,237.31 ","4,201.35 "
12/12/2007,无锡,暖靴,400,"7,062.19 ","6,976.10 "
9/20/2007,无锡,警告标,340,"6,002.86 ","5,900.52 "
9/13/2007,无锡,暖靴,700,"12,358.83 ","12,286.77 "
10/11/2007,无锡,暖靴,700,"12,358.83 ","12,225.82 "
12/12/2007,昆山,睡袋,600,"10,593.28 ","10,489.18 "
11/27/2007,昆山,睡袋,340,"8,979.07 ","8,371.88 "
11/27/2007,苏州,睡袋,360,"9,881.13 ","9,157.57 "
10/22/2007,昆山,睡袋,440,"12,795.02 ","11,730.51 "
9/27/2007,无锡,睡袋,340,"10,214.95 ","9,388.23 "
9/18/2007,无锡,服装,360,"3,149.91 ","3,372.70 "
11/30/2007,苏州,暖靴,140,"2,938.14 ","3,151.59 "
11/30/2007,苏州,暖靴,1140,"8,167.70 ","5,549.22 "
8/22/2007,无锡,暖靴,20,237.13 ,255.80 
9/18/2007,昆山,睡袋,240,"2,145.59 ","2,308.37 "
3/21/2007,常熟,彩盒,180,"1,380.94 ","1,478.37 "
7/19/2007,苏州,睡袋,420,"3,222.19 ","3,631.78 "
8/22/2007,苏州,睡袋,160,"2,404.28 ","2,644.91 "
9/3/2007,无锡,彩盒,40,319.56 ,345.51 
9/4/2007,无锡,睡袋,600,"4,298.79 ","4,622.78 "
10/22/2007,苏州,睡袋,60,"1,278.22 ","1,372.38 "
9/18/2007,昆山,睡袋,120,928.23 ,"1,001.70 "
10/22/2007,苏州,睡袋,140,"2,361.16 ","1,582.30 "
11/27/2007,苏州,睡袋,200,"3,601.35 ","3,944.39 "
12/12/2007,苏州,睡袋,140,"1,624.41 ","1,755.86 "
8/23/2007,无锡,彩盒,220,"3,082.70 ","3,322.87 "
11/30/2007,苏州,暖靴,120,"2,853.18 ","3,067.08 "
11/30/2007,苏州,暖靴,20,187.68 ,209.49 
12/12/2007,苏州,暖靴,140,"2,520.94 ","2,701.77 "
9/18/2007,苏州,睡袋,140,"5,649.75 ","5,092.72 "
3/26/2007,无锡,暖靴,160,"6,456.86 ","5,852.46 "
6/18/2007,无锡,警告标,180,"7,263.97 ","6,558.08 "
3/16/2007,苏州,彩盒,90,"40,412.48 ","36,850.45 "
9/18/2007,无锡,警告标,48,"23,023.92 ","21,039.52 "
4/25/2007,无锡,暖靴,60,"21,760.74 ","20,089.60 "
11/5/2007,无锡,暖靴,270,"95,800.22 ","86,622.70 "
7/19/2007,南京,睡袋,180,"70,449.78 ","64,711.13 "
8/22/2007,南京,睡袋,30,"8,350.00 ","7,733.71 "
9/18/2007,南京,睡袋,30,"9,449.39 ","8,719.67 "
10/22/2007,南京,睡袋,60,"26,625.64 ","24,730.94 "
11/27/2007,南京,睡袋,36,"17,265.27 ","15,940.17 "
12/12/2007,南京,睡袋,24,"13,773.05 ","12,633.91 "
3/23/2007,苏州,睡袋,24,"11,086.45 ","9,889.58 "
5/25/2007,无锡,警告标,240,"32,776.86 ","28,371.62 "
7/19/2007,昆山,睡袋,120,"17,883.95 ","15,394.61 "
4/10/2007,无锡,暖靴,400,"28,219.08 ","24,189.01 "
8/22/2007,昆山,睡袋,200,"15,059.08 ","14,108.53 "
9/18/2007,苏州,睡袋,600,"38,411.78 ","31,701.66 "
9/11/2007,无锡,警告标,170,"18,311.25 ","17,312.63 "
12/24/2007,无锡,警告标,50,"5,875.27 ","6,486.56 "
3/13/2007,无锡,暖靴,180,"21,391.31 ","19,256.35 "
5/28/2007,无锡,警告标,120,"12,320.25 ","10,170.10 "
10/26/2007,无锡,暖靴,30,"11,552.46 ","10,264.64 "
3/21/2007,苏州,睡袋,1,310.60 ,68.70 
5/31/2007,常熟,警告标,48,"11,825.31 ","11,066.49 "
7/19/2007,南京,宠物用品,121,"37,582.93 ","35,008.44 "
8/22/2007,南京,宠物用品,12,"5,325.13 ","4,917.88 "
9/18/2007,南京,宠物用品,66,"25,831.59 ","23,639.00 "
11/30/2007,苏州,暖靴,48,"15,119.02 ","13,857.53 "
7/19/2007,昆山,彩盒,54,"7,695.26 ","6,790.16 "
12/12/2007,常熟,睡袋,120,"28,957.94 ","28,600.72 "
9/18/2007,昆山,彩盒,480,"112,840.71 ","111,114.48 "
4/27/2007,无锡,暖靴,90,"23,153.89 ","22,849.97 "
8/22/2007,昆山,彩盒,60,"10,980.52 ","11,047.71 "
12/4/2007,昆山,暖靴,30,"5,959.83 ","5,974.56 "
12/4/2007,昆山,暖靴,30,"9,505.02 ","9,161.04 "
7/19/2007,苏州,睡袋,24,"8,668.69 ","8,377.04 "
8/22/2007,苏州,睡袋,24,"6,103.15 ","5,835.99 "
5/21/2007,无锡,暖靴,30,"8,719.43 ","8,283.56 "
1/24/2007,昆山,彩盒,54,"15,366.49 ","14,164.37 "
2/13/2007,昆山,彩盒,30,"9,024.32 ","8,363.10 "
3/21/2007,昆山,彩盒,24,"7,604.02 ","7,438.09 "
4/28/2007,昆山,彩盒,24,"8,668.69 ","8,567.41 "
5/25/2007,昆山,彩盒,180,"33,582.49 ","25,705.33 "
6/18/2007,昆山,彩盒,120,"25,112.31 ","19,304.19 "
7/26/2007,无锡,暖靴,100,"12,915.20 ","10,217.09 "
10/24/2007,常熟,宠物用品,250,"108,251.03 ","90,939.77 "
1/24/2007,苏州,彩盒,348,"123,863.07 ","97,749.58 "
12/11/2007,无锡,服装,500,"63,797.08 ","48,365.44 "
3/21/2007,苏州,彩盒,550,"126,481.42 ","88,869.47 "
4/28/2007,苏州,彩盒,300,"65,740.66 ","64,904.99 "
5/25/2007,苏州,彩盒,350,"60,392.10 ","52,462.78 "
6/18/2007,苏州,彩盒,200,"36,646.23 ","31,731.54 "
7/19/2007,苏州,彩盒,1500,"255,707.59 ","225,401.61 "
12/12/2007,昆山,彩盒,1000,"185,382.44 ","161,788.10 "
6/7/2007,无锡,暖靴,1500,"190,946.14 ","136,117.03 "
8/22/2007,苏州,彩盒,250,"30,767.25 ","25,468.24 "
9/18/2007,苏州,彩盒,150,"19,717.75 ","16,130.83 "
7/23/2007,无锡,暖靴,300,"36,764.92 ","30,525.31 "
11/27/2007,常熟,睡袋,100,"13,211.93 ","10,841.63 "
2/13/2007,苏州,彩盒,250,"27,651.58 ","19,814.79 "
4/26/2007,无锡,暖靴,100,"11,527.98 ","8,436.30 "
10/24/2007,苏州,警告标,250,"27,651.58 ","18,334.45 "
11/30/2007,常熟,暖靴,250,"79,505.26 ","67,176.02 "
11/30/2007,常熟,暖靴,200,"25,414.98 ","23,111.70 "
10/29/2007,无锡,暖靴,300,"23,968.41 ","18,769.30 "
12/12/2007,昆山,暖靴,500,"53,337.33 ","42,334.45 "
12/12/2007,昆山,暖靴,300,"36,275.32 ","29,715.56 "
12/12/2007,昆山,暖靴,250,"33,920.02 ","27,639.01 "
10/22/2007,昆山,彩盒,1500,"16,802.37 ","12,298.82 "
4/23/2007,无锡,暖靴,1500,"16,802.37 ","12,081.69 "
5/24/2007,无锡,暖靴,2000,"22,403.16 ","12,340.38 "
12/4/2007,南京,睡袋,200,"19,139.12 ","14,395.82 "
12/4/2007,南京,睡袋,100,"8,582.93 ","6,604.12 "
12/4/2007,南京,睡袋,100,"9,183.81 ","7,141.55 "
12/4/2007,南京,睡袋,500,"86,274.42 ","74,655.77 "
7/19/2007,常熟,睡袋,250,"30,377.80 ","27,668.56 "
8/22/2007,常熟,睡袋,100,"18,308.28 ","18,135.27 "
11/27/2007,无锡,暖靴,100,"8,582.93 ","6,600.41 "
7/13/2007,无锡,服装,500,"55,303.17 ","39,179.60 "
10/22/2007,苏州,彩盒,818,"106,799.28 ","83,158.63 "
12/12/2007,苏州,彩盒,818,"106,799.28 ","82,966.87 "
10/22/2007,常熟,睡袋,818,"106,799.28 ","83,347.42 "
3/27/2007,无锡,警告标,750,"68,155.31 ","57,389.53 "
12/12/2007,常熟,睡袋,250,"15,689.63 ","13,945.43 "
10/22/2007,常熟,睡袋,600,"81,408.04 ","66,048.51 "
11/27/2007,常熟,睡袋,150,"2,147.59 ","1,836.42 "
12/20/2007,无锡,彩盒,150,"2,147.59 ","1,877.75 "
11/30/2007,常熟,暖靴,200,"2,863.45 ","2,122.27 "
11/30/2007,常熟,暖靴,500,"7,232.81 ","5,227.49 "
12/12/2007,常熟,暖靴,250,"6,490.98 ","4,556.03 "
9/18/2007,常熟,睡袋,200,"5,534.03 ","3,655.24 "
11/27/2007,昆山,彩盒,400,"86,645.34 ","78,565.21 "
3/16/2007,常熟,彩盒,300,"15,578.36 ","16,763.60 "
5/24/2007,无锡,睡袋,152,"26,272.53 ","24,390.00 "
12/27/2007,无锡,暖靴,244,"41,595.07 ","37,113.49 "
11/27/2007,苏州,彩盒,152,"28,178.16 ","24,916.42 "
4/6/2007,无锡,警告标,208,"28,082.58 ","24,210.66 "
11/12/2007,无锡,暖靴,160,"22,658.35 ","19,935.18 "
3/29/2007,无锡,警告标,96,"11,814.64 ","9,845.08 "
4/6/2007,无锡,彩盒,168,"20,588.34 ","16,876.84 "
3/21/2007,苏州,睡袋,20,"2,430.22 ","2,164.04 "
4/19/2007,无锡,彩盒,280,"25,444.65 ","22,020.71 "
3/23/2007,常熟,睡袋,164,"17,494.61 ","14,029.42 "
7/11/2007,无锡,暖靴,100,"7,989.47 ","6,421.66 "
9/24/2007,无锡,警告标,14,"1,705.34 ","1,436.08 "
3/21/2007,无锡,警告标,24,"3,281.22 ","2,736.83 "
4/16/2007,无锡,睡袋,34,"5,967.56 ","4,490.45 "
7/6/2007,无锡,彩盒,33,"6,044.17 ","4,691.05 "
6/4/2007,无锡,警告标,24,"1,796.39 ","1,287.03 "
9/18/2007,常熟,睡袋,312,"27,334.20 ","19,508.07 "
5/14/2007,无锡,警告标,150,"13,619.93 ","9,801.67 "
12/12/2007,昆山,暖靴,120,"11,643.71 ","8,809.98 "
8/15/2007,苏州,睡袋,70,"6,973.95 ","5,367.01 "
3/21/2007,常熟,睡袋,70,"7,846.34 ","5,757.09 "
11/9/2007,无锡,彩盒,24,"2,804.10 ","1,935.78 "
5/21/2007,无锡,睡袋,39,"6,920.38 ","5,108.92 "
3/27/2007,无锡,睡袋,151,"25,931.68 ","18,451.89 "
2/1/2007,无锡,服装,42,"8,832.97 ","5,600.01 "
11/30/2007,常熟,暖靴,16,"3,470.58 ","2,560.74 "
4/26/2007,无锡,暖靴,4,903.86 ,661.91 
6/6/2007,无锡,警告标,19,"4,359.52 ","3,204.81 "
1/30/2007,无锡,暖靴,31,"7,575.06 ","5,492.52 "
2/7/2007,无锡,警告标,3,467.12 ,418.20 
7/19/2007,常熟,睡袋,100,"11,409.29 ","8,717.50 "
8/22/2007,常熟,睡袋,200,"34,569.11 ","32,946.19 "
1/24/2007,南京,宠物用品,200,"15,237.12 ","11,997.68 "
2/13/2007,南京,宠物用品,750,"47,569.62 ","34,491.65 "
3/21/2007,南京,宠物用品,500,"4,450.96 ","3,971.14 "
4/28/2007,南京,宠物用品,300,"7,366.34 ","4,885.20 "
5/25/2007,南京,宠物用品,1000,"49,405.64 ","38,926.53 "
6/18/2007,南京,宠物用品,5000,"17,436.09 ","13,591.02 "
4/24/2007,无锡,警告标,5000,"22,625.71 ","24,538.19 "
1/24/2007,常熟,彩盒,175,"11,164.49 ","10,043.18 "
3/9/2007,无锡,警告标,150,"15,021.99 ","12,914.98 "
12/14/2007,无锡,彩盒,250,"22,347.52 ","18,656.41 "
3/21/2007,常熟,彩盒,500,"45,622.33 ","37,759.59 "
4/28/2007,常熟,彩盒,150,"14,832.82 ","12,141.53 "
5/25/2007,常熟,彩盒,200,"11,349.95 ","9,789.52 "
6/18/2007,常熟,彩盒,350,"32,610.69 ","46,767.44 "
7/19/2007,常熟,彩盒,150,"15,800.90 ","13,066.92 "
4/30/2007,无锡,睡袋,150,"8,623.73 ","7,269.80 "
12/4/2007,南京,警告标,150,"10,125.93 ","8,529.24 "
12/4/2007,南京,警告标,250,"14,001.98 ","10,750.63 "
12/7/2007,无锡,暖靴,3414,"199,062.04 ","167,162.58 "
10/23/2007,无锡,彩盒,2000,"98,811.29 ","76,930.65 "
8/22/2007,常熟,彩盒,350,"35,051.30 ","29,024.09 "
9/18/2007,常熟,彩盒,300,"32,670.04 ","24,691.67 "
12/27/2007,无锡,警告标,800,"38,574.98 ","32,622.67 "
4/13/2007,无锡,宠物用品,300,"18,916.58 ","16,084.15 "
2/13/2007,常熟,彩盒,900,"65,095.28 ","51,130.61 "
11/30/2007,苏州,暖靴,200,"27,551.44 ","22,326.17 "
10/24/2007,常熟,警告标,650,"50,629.66 ","43,906.18 "
3/23/2007,无锡,彩盒,700,"57,120.64 ","47,374.13 "
8/28/2007,无锡,睡袋,500,"55,636.99 ","45,095.47 "
5/16/2007,无锡,暖靴,3414,"199,062.02 ","167,002.17 "
5/31/2007,苏州,睡袋,3414,"199,062.04 ","164,100.64 "
12/28/2007,无锡,暖靴,3414,"199,062.04 ","167,153.45 "
7/19/2007,昆山,警告标,2000,"98,811.29 ","77,138.07 "
3/14/2007,无锡,宠物用品,400,"21,423.95 ","20,748.12 "
8/22/2007,昆山,警告标,500,"46,586.70 ","66,841.93 "
3/16/2007,苏州,警告标,450,"24,101.94 ","23,648.00 "
4/28/2007,昆山,警告标,50 ,"20,333.46 ","20,182.95 "
3/16/2007,苏州,暖靴,50 ,"21,831.95 ","21,841.33 "
5/16/2007,无锡,服装,100 ,"21,691.01 ","21,745.10 "
1/29/2007,无锡,警告标,40 ,"12,925.58 ","8,338.46 "
4/5/2007,无锡,睡袋,8 ,"7,633.08 ","7,372.36 "
10/22/2007,常熟,彩盒,8 ,"8,117.38 ","7,672.67 "
12/12/2007,常熟,彩盒,60 ,"25,058.90 ","24,557.64 "
4/28/2007,苏州,警告标,48 ,"17,337.34 ","16,535.50 "
5/25/2007,昆山,警告标,36 ,"14,386.36 ","7,889.54 "
6/18/2007,昆山,警告标,52 ,"20,340.57 ","19,780.51 "
9/18/2007,昆山,警告标,36 ,"15,441.24 ","15,119.29 "
9/20/2007,无锡,彩盒,32 ,"15,256.72 ","14,740.15 "
9/27/2007,无锡,睡袋,36 ,"18,846.22 ","17,835.50 "
12/12/2007,昆山,警告标,40 ,"8,614.09 ","8,558.16 "
10/22/2007,昆山,警告标,200 ,"40,177.32 ","22,798.25 "
6/18/2007,苏州,警告标,120 ,"25,842.27 ","27,367.82 "
7/19/2007,苏州,警告标,80 ,"23,601.95 ","23,863.33 "
11/27/2007,昆山,警告标,40 ,"12,688.20 ","12,668.75 "
4/6/2007,无锡,睡袋,200 ,"42,209.93 ","44,695.03 "
8/22/2007,苏州,警告标,200 ,"46,022.92 ","45,041.58 "
12/12/2007,南京,警告标,60 ,"14,105.09 ","14,148.04 "
12/12/2007,南京,警告标,42 ,"10,883.06 ","10,218.89 "
12/12/2007,南京,警告标,60 ,"16,361.73 ","17,127.79 "
7/23/2007,无锡,睡袋,48 ,"14,307.18 ","13,450.26 "
5/25/2007,苏州,警告标,24 ,"4,125.18 ","4,392.10 "
11/12/2007,无锡,暖靴,24 ,"4,123.38 ","2,834.83 "
4/19/2007,无锡,睡袋,76 ,"15,199.71 ","10,088.76 "
11/27/2007,常熟,彩盒,200 ,"40,183.57 ","23,849.20 "
8/24/2007,无锡,暖靴,200 ,"40,183.57 ","22,798.25 "
11/15/2007,无锡,警告标,200 ,"42,213.83 ","44,695.03 "
9/10/2007,无锡,警告标,12 ,"9,587.83 ","9,692.68 "
2/8/2007,无锡,暖靴,12 ,"11,890.15 ","12,322.01 "
9/18/2007,苏州,警告标,16 ,"16,883.03 ","17,562.25 "
11/12/2007,无锡,宠物用品,48 ,"35,450.25 ","35,852.48 "
3/21/2007,常熟,睡袋,60 ,"6,685.34 ","5,906.37 "
10/22/2007,苏州,警告标,150 ,"15,544.97 ","3,683.86 "
11/27/2007,苏州,警告标,30 ,"3,364.93 ","3,756.33 "
12/12/2007,苏州,警告标,30 ,"3,707.65 ","4,178.91 "
2/13/2007,昆山,暖靴,30 ,"3,894.59 ","4,346.88 "
3/21/2007,昆山,暖靴,22 ,"6,833.26 ","6,111.56 "
1/24/2007,昆山,暖靴,200 ,"3,005.35 ","3,367.96 "
2/13/2007,昆山,警告标,20 ,360.13 ,401.15 
3/21/2007,昆山,警告标,42 ,"4,461.66 ","4,340.48 "
1/24/2007,苏州,警告标,90 ,"10,749.07 ","10,090.45 "
1/24/2007,昆山,警告标,30 ,"3,879.05 ","3,592.40 "
1/24/2007,苏州,暖靴,60 ,"7,286.22 ","6,982.60 "
3/21/2007,苏州,警告标,18 ,"2,400.86 ","1,430.33 "
3/21/2007,苏州,暖靴,60 ,"6,685.34 ","6,046.61 "
2/13/2007,苏州,警告标,30 ,"3,627.53 ","3,206.89 "
2/13/2007,苏州,暖靴,78 ,"6,735.16 ","5,692.09 "
7/19/2007,昆山,暖靴,60 ,"5,470.23 ","3,713.22 "
8/22/2007,昆山,暖靴,90 ,"9,327.02 ","5,961.76 "
8/15/2007,常熟,睡袋,42 ,"4,735.82 ","2,985.05 "
7/19/2007,南京,宠物用品,90 ,"8,332.20 ","7,688.98 "
8/22/2007,南京,宠物用品,30 ,"2,959.89 ","2,697.29 "
9/18/2007,南京,宠物用品,48 ,"5,383.86 ","4,754.00 "
10/22/2007,南京,宠物用品,42 ,"4,586.28 ","4,271.60 "
11/27/2007,南京,宠物用品,42 ,"4,826.17 ","4,553.88 "
12/12/2007,南京,宠物用品,40 ,"4,943.53 ","4,338.29 "
12/4/2007,南京,睡袋,40 ,"5,192.79 ","4,587.50 "
12/12/2007,昆山,暖靴,120 ,"28,957.94 ","16,535.62 "
3/27/2007,无锡,彩盒,288 ,"67,704.40 ","63,908.06 "
2/1/2007,无锡,暖靴,66 ,"17,292.83 ","16,510.41 "
12/12/2007,南京,警告标,126 ,"32,415.48 ","18,126.56 "
9/18/2007,昆山,暖靴,120 ,"21,961.03 ","21,161.56 "
9/17/2007,无锡,警告标,42 ,"8,343.75 ","8,030.07 "
4/28/2007,昆山,暖靴,24 ,"7,454.50 ","6,712.11 "
5/25/2007,昆山,暖靴,24 ,"5,912.67 ","5,717.75 "
6/18/2007,昆山,暖靴,66 ,"9,405.34 ","7,973.27 "
10/17/2007,无锡,睡袋,66 ,"8,573.02 ","7,082.42 "
12/10/2007,无锡,睡袋,76 ,"7,802.84 ","6,461.62 "
9/18/2007,无锡,暖靴,64 ,"7,154.80 ","5,292.91 "
7/19/2007,苏州,暖靴,32 ,"3,425.44 ","2,916.72 "
8/22/2007,苏州,暖靴,44 ,"4,001.72 ","2,796.06 "
5/9/2007,无锡,暖靴,32 ,"3,185.72 ","2,264.89 "
10/22/2007,昆山,暖靴,16 ,"2,815.35 ","1,960.33 "
11/27/2007,昆山,暖靴,42 ,"3,392.96 ","2,717.17 "
4/28/2007,苏州,暖靴,60 ,"5,946.48 ","4,925.51 "
5/25/2007,苏州,暖靴,32 ,"3,012.44 ","2,583.69 "
6/18/2007,苏州,暖靴,22 ,"4,220.37 ","3,056.99 "
11/26/2007,无锡,暖靴,32 ,"4,583.86 ","3,218.58 "
10/22/2007,苏州,暖靴,12 ,"3,365.78 ","2,392.27 "
11/27/2007,苏州,暖靴,18 ,"7,987.68 ","7,331.69 "
12/12/2007,苏州,暖靴,12 ,"5,755.09 ","5,235.27 "
2/12/2007,无锡,睡袋,42 ,"18,859.18 ","17,168.32 "
9/18/2007,苏州,暖靴,24 ,"11,511.98 ","8,424.97 "
6/13/2007,无锡,警告标,48 ,"17,408.56 ","16,014.16 "
10/22/2007,无锡,彩盒,180 ,"63,866.81 ","59,127.92 "
3/29/2007,无锡,警告标,36 ,"14,525.28 ","13,174.02 "
6/18/2007,昆山,睡袋,78 ,"30,528.27 ","28,046.45 "
9/4/2007,无锡,警告标,108 ,"30,059.98 ","28,109.12 "
6/19/2007,无锡,睡袋,48 ,"15,119.05 ","13,923.88 "
8/13/2007,无锡,睡袋,80 ,"3,228.43 ","1,549.31 "
8/15/2007,苏州,睡袋,80 ,"1,412.44 ","1,152.92 "
11/30/2007,常熟,暖靴,80 ,"1,412.44 ","1,190.28 "
8/13/2007,无锡,彩盒,360 ,"13,673.35 ","9,725.41 "
1/24/2007,南京,睡袋,210 ,"14,020.52 ","5,414.17 "
2/13/2007,南京,睡袋,24 ,"1,823.10 ","1,504.88 "
3/21/2007,南京,睡袋,90 ,"7,424.20 ","4,807.15 "
4/28/2007,南京,睡袋,240 ,"32,777.80 ","31,592.22 "
5/25/2007,南京,睡袋,90 ,"13,416.13 ","12,856.68 "
5/31/2007,常熟,睡袋,30 ,"4,776.58 ","4,593.95 "
3/21/2007,苏州,警告标,30 ,"5,135.00 ","4,823.70 "
5/28/2007,无锡,暖靴,30 ,"6,980.98 ","6,826.47 "
6/18/2007,苏州,睡袋,42 ,"10,012.78 ","6,462.65 "
11/28/2007,无锡,暖靴,30 ,"7,486.98 ","4,746.11 "
3/16/2007,常熟,警告标,30 ,"7,655.65 ","4,813.47 "
9/27/2007,无锡,睡袋,48 ,"5,907.13 ","5,096.87 "
1/29/2007,无锡,彩盒,660 ,"78,852.25 ","39,156.67 "
3/16/2007,常熟,暖靴,210 ,"49,375.19 ","27,685.09 "
4/28/2007,常熟,警告标,80 ,"8,214.75 ","6,113.96 "
10/8/2007,无锡,暖靴,40 ,"4,472.82 ","3,299.04 "
11/29/2007,无锡,警告标,40 ,"4,282.29 ","3,610.94 "
6/18/2007,常熟,警告标,300 ,"57,557.93 ","27,398.60 "
7/19/2007,常熟,警告标,30 ,"2,326.21 ","1,047.21 "
8/28/2007,无锡,彩盒,88 ,"8,287.22 ","5,525.95 "
8/22/2007,常熟,警告标,600 ,"85,973.79 ","59,973.44 "
5/25/2007,常熟,警告标,100 ,"28,048.85 ","18,289.36 "
2/1/2007,无锡,睡袋,180 ,"31,681.46 ","21,614.81 "
7/27/2007,无锡,警告标,100 ,"4,037.10 ","1,893.20 "
6/8/2007,无锡,彩盒,60 ,"2,422.26 ","1,158.66 "
7/3/2007,无锡,睡袋,160 ,"4,235.44 ","3,071.96 "
9/18/2007,常熟,警告标,200 ,"5,497.32 ","4,016.76 "
5/25/2007,昆山,睡袋,200 ,"5,825.29 ","4,222.30 "
4/28/2007,昆山,睡袋,280 ,"8,417.78 ","6,096.86 "
10/22/2007,常熟,警告标,90 ,"7,084.05 ","5,738.94 "
11/27/2007,常熟,警告标,100 ,960.47 ,"1,006.80 "
12/12/2007,常熟,警告标,875 ,"15,510.03 ","12,438.90 "
3/26/2007,无锡,彩盒,875 ,"15,510.03 ","12,235.84 "
1/24/2007,常熟,警告标,750 ,"13,294.31 ","10,815.58 "
3/16/2007,苏州,睡袋,400 ,"4,122.99 ","3,816.64 "
1/24/2007,常熟,暖靴,140 ,"3,443.64 ","3,204.71 "
3/21/2007,常熟,警告标,760 ,"6,409.38 ","3,672.04 "
3/21/2007,常熟,暖靴,60 ,833.97 ,780.98 
2/13/2007,常熟,警告标,160 ,"1,674.19 ","1,567.17 "
6/8/2007,无锡,暖靴,40 ,359.20 ,334.71 
2/13/2007,常熟,暖靴,80 ,887.07 ,862.50 
5/25/2007,苏州,睡袋,300 ,"5,294.30 ","5,051.95 "
4/28/2007,苏州,睡袋,20 ,187.41 ,213.30 
1/24/2007,南京,宠物用品,340 ,"2,867.35 ","2,670.03 "
2/13/2007,南京,宠物用品,40 ,999.51 ,930.32 
3/21/2007,南京,宠物用品,100 ,905.81 ,850.41 
11/8/2007,无锡,警告标,80 ,"1,580.48 ",920.42 
2/13/2007,昆山,睡袋,600 ,"7,824.32 ","7,340.10 "
3/21/2007,昆山,睡袋,180 ,"3,795.03 ","3,610.36 "
8/15/2007,无锡,暖靴,40 ,543.49 ,510.58 
12/20/2007,无锡,彩盒,40 ,655.93 ,614.68 
10/30/2007,无锡,警告标,100 ,"2,787.71 ","2,598.64 "
5/21/2007,无锡,彩盒,20 ,421.67 ,392.55 
1/24/2007,昆山,睡袋,24 ,"11,512.52 ","8,424.97 "
7/19/2007,常熟,暖靴,78 ,"30,533.11 ","29,872.91 "
8/22/2007,常熟,暖靴,12 ,"3,780.04 ","3,927.17 "
4/28/2007,常熟,暖靴,30 ,"3,645.10 ","3,541.23 "
5/25/2007,常熟,暖靴,108 ,"15,390.95 ","12,910.20 "
6/18/2007,常熟,暖靴,30 ,"4,003.52 ","3,706.83 "
10/24/2007,无锡,暖靴,30 ,"3,879.36 ","2,253.39 "
10/22/2007,常熟,暖靴,30 ,"3,898.10 ","3,211.19 "
11/27/2007,常熟,暖靴,42 ,"4,991.63 ","4,227.14 "
12/12/2007,常熟,暖靴,72 ,"6,218.22 ","5,236.78 "
9/18/2007,常熟,暖靴,120 ,"28,964.03 ","26,194.26 "
3/21/2007,苏州,睡袋,90 ,"23,156.70 ","21,106.65 "
2/13/2007,苏州,睡袋,48 ,"15,210.10 ","14,417.93 "
1/24/2007,苏州,睡袋,36 ,"13,004.30 ","12,195.38 "
11/12/2007,无锡,彩盒,48 ,"12,207.81 ","6,644.73 "
12/11/2007,无锡,警告标,36 ,"10,465.84 ","5,552.76 "
1/30/2007,无锡,暖靴,42 ,"11,954.34 ","10,613.14 "
6/6/2007,无锡,警告标,30 ,"9,026.08 ","8,084.69 "
3/20/2007,无锡,睡袋,72 ,"24,591.78 ","22,002.31 "
11/20/2007,无锡,暖靴,150 ,"13,891.68 ","8,556.10 "
8/15/2007,常熟,睡袋,30 ,"2,961.06 ","1,806.23 "
11/5/2007,无锡,暖靴,60 ,"6,732.66 ","3,913.57 "
9/21/2007,无锡,暖靴,60 ,"6,554.62 ","4,099.49 "
6/18/2007,南京,睡袋,30 ,"3,448.32 ","2,172.46 "
3/21/2007,常熟,警告标,42 ,"5,191.69 ","3,181.14 "
6/18/2007,常熟,睡袋,102 ,"7,749.82 ","6,554.49 "
8/15/2007,苏州,警告标,30 ,"2,476.14 ","1,612.13 "
6/21/2007,无锡,警告标,72 ,"32,333.64 ","28,971.19 "
12/14/2007,无锡,暖靴,42 ,"20,146.91 ","17,948.40 "
7/10/2007,无锡,暖靴,30 ,"10,881.42 ","9,973.24 "
4/24/2007,无锡,服装,72 ,"25,547.57 ","23,554.98 "
8/20/2007,无锡,暖靴,72 ,"28,184.41 ","25,873.72 "
12/21/2007,无锡,彩盒,30 ,"13,313.05 ","12,178.96 "
3/21/2007,苏州,彩盒,18,"2,723.99 ","1,510.23 "
10/24/2007,无锡,警告标,60,"13,797.97 ","12,736.52 "
8/24/2007,无锡,警告标,120,"25,731.23 ","24,072.78 "
5/22/2007,无锡,警告标,84,"16,673.76 ","15,195.48 "
9/27/2007,无锡,暖靴,60,"12,462.69 ","8,455.69 "
2/13/2007,无锡,警告标,30,"7,775.12 ","7,071.99 "
7/23/2007,无锡,警告标,72,"16,928.64 ","16,091.75 "
12/4/2007,南京,睡袋,30,"7,245.69 ","6,971.55 "
12/4/2007,南京,睡袋,72,"16,034.70 ","15,321.80 "
12/12/2007,南京,睡袋,40,"11,925.45 ","10,770.84 "
12/12/2007,南京,睡袋,60,"16,365.47 ","16,552.33 "
12/12/2007,南京,睡袋,32,"9,020.61 ","8,518.85 "
12/12/2007,南京,睡袋,68,"18,059.02 ","17,124.54 "
3/16/2007,无锡,彩盒,40,"17,466.50 ","16,617.15 "
10/9/2007,无锡,暖靴,60,"24,400.63 ","23,118.19 "
9/10/2007,无锡,睡袋,32,"13,286.03 ","12,632.69 "
7/2/2007,无锡,睡袋,68,"26,220.37 ","24,709.66 "
3/16/2007,常熟,睡袋,50,"16,160.10 ","18,823.62 "
12/7/2007,无锡,宠物用品,10,"3,232.02 ","3,764.72 "
5/25/2007,常熟,睡袋,20,"21,103.79 ","21,952.81 "
12/21/2007,无锡,警告标,12,"11,890.15 ","12,322.01 "
5/8/2007,无锡,睡袋,32,"32,471.70 ","30,087.16 "
4/28/2007,常熟,睡袋,36,"34,349.22 ","31,486.43 "
8/20/2007,无锡,警告标,56,"31,825.76 ","26,909.90 "
5/9/2007,无锡,彩盒,280,"64,434.27 ","62,002.09 "
10/10/2007,无锡,彩盒,400,"84,427.66 ","82,899.00 "
9/12/2007,无锡,彩盒,15,"5,207.62 ","2,806.71 "
9/5/2007,无锡,暖靴,3,"1,240.41 ",666.20 
11/13/2007,无锡,警告标,60,"12,921.84 ","12,282.73 "
7/19/2007,南京,睡袋,300,"60,275.36 ","57,815.12 "
8/22/2007,南京,睡袋,16,"5,352.40 ","3,063.28 "
9/18/2007,南京,睡袋,160,"34,458.23 ","34,930.98 "
10/22/2007,南京,睡袋,160,"32,146.86 ","32,957.10 "
11/27/2007,南京,睡袋,16,"5,076.28 ","4,941.48 "
12/12/2007,南京,睡袋,84,"24,787.62 ","24,095.14 "
3/26/2007,无锡,服装,100,"30,828.75 ","29,669.52 "
7/13/2007,无锡,警告标,36,"15,441.55 ","14,135.62 "
3/27/2007,无锡,警告标,76,"29,732.41 ","27,439.28 "
7/23/2007,无锡,彩盒,60,"29,994.78 ","27,267.19 "
6/21/2007,无锡,警告标,16,"7,428.88 ","6,795.02 "
7/27/2007,无锡,睡袋,300,"14,407.05 ","9,315.65 "
3/21/2007,常熟,睡袋,300,"6,395.33 ","5,233.32 "
2/13/2007,常熟,睡袋,36,"19,306.85 ","18,313.83 "
6/18/2007,南京,睡袋,48,"22,770.17 ","23,450.28 "
6/6/2007,无锡,睡袋,18,"9,110.88 ","7,906.54 "
1/24/2007,常熟,睡袋,48,"21,417.08 ","18,470.68 "
6/22/2007,无锡,彩盒,30,"11,544.38 ","10,564.57 "
12/7/2007,无锡,警告标,30,"10,396.50 ","9,531.00 "
12/29/2007,无锡,睡袋,60,"47,941.51 ","44,535.76 "
11/12/2007,无锡,警告标,20,"15,979.72 ","16,154.47 "
5/30/2007,无锡,警告标,80,"59,083.75 ","55,058.38 "
8/15/2007,常熟,警告标,16,"12,730.06 ","7,174.11 "
9/24/2007,无锡,警告标,3,"2,069.70 ",942.36 
8/13/2007,无锡,睡袋,4,"2,975.74 ","1,469.52 "
5/28/2007,无锡,警告标,17,"10,404.78 ","5,863.49 "
11/12/2007,无锡,警告标,4,"2,270.15 ","1,124.98 "
5/21/2007,无锡,睡袋,3,"1,285.39 ",582.53 
9/18/2007,无锡,警告标,16,"6,499.34 ","3,158.50 "
7/18/2007,无锡,暖靴,3,"1,041.52 ",445.03 
4/9/2007,无锡,警告标,4,"2,915.46 ","1,425.91 "
9/30/2007,无锡,暖靴,17,"10,395.49 ","5,689.74 "
3/21/2007,常熟,彩盒,3,"1,291.95 ",563.40 
8/15/2007,苏州,彩盒,16,"6,561.81 ","3,333.04 "
10/8/2007,无锡,警告标,3,"1,054.88 ",448.61 
12/6/2007,无锡,警告标,18,"14,452.26 ","6,386.72 "
2/13/2007,无锡,彩盒,3,"5,332.95 ","2,909.66 "
10/23/2007,无锡,警告标,16,"23,572.28 ","12,800.66 "
7/4/2007,无锡,警告标,18,"13,488.51 ","5,736.02 "
4/12/2007,无锡,彩盒,17,"10,026.45 ","4,774.15 "
5/28/2007,无锡,睡袋,16,"12,676.33 ","6,359.44 "
8/24/2007,无锡,警告标,3,"2,543.84 ",911.11 
2/12/2007,无锡,睡袋,17,"9,648.12 ","9,262.19 "
3/20/2007,无锡,睡袋,120,"16,388.90 ","14,858.75 "
1/29/2007,无锡,警告标,120,"17,888.17 ","16,383.17 "
11/5/2007,无锡,睡袋,24,"4,108.00 ","3,690.69 "
3/9/2007,无锡,睡袋,30,"6,980.98 ","6,743.88 "
4/13/2007,无锡,睡袋,42,"9,773.37 ","9,349.28 "
5/31/2007,无锡,彩盒,60,"14,303.98 ","13,663.20 "
8/13/2007,无锡,彩盒,30,"7,151.99 ","6,755.54 "
10/31/2007,无锡,彩盒,30,"7,655.65 ","7,210.34 "
7/23/2007,无锡,服装,36,"9,186.78 ","8,535.76 "
6/22/2007,无锡,警告标,36,"4,430.34 ","3,472.01 "
12/6/2007,无锡,睡袋,36,"4,430.34 ","3,516.51 "
7/23/2007,无锡,警告标,900,"107,525.80 ","87,600.77 "
3/14/2007,无锡,警告标,150,"21,376.32 ","16,913.03 "
1/29/2007,无锡,彩盒,42,"5,431.11 ","4,839.43 "
5/21/2007,无锡,宠物用品,72,"6,218.22 ","5,790.69 "
12/12/2007,无锡,服装,102,"24,619.43 ","23,246.22 "
2/13/2007,无锡,彩盒,420,"98,750.38 ","91,010.46 "
9/14/2007,无锡,彩盒,180,"46,313.40 ","43,414.95 "
8/16/2007,无锡,彩盒,30,"9,506.31 ","8,777.76 "
12/17/2007,无锡,警告标,24,"8,669.53 ","8,021.41 "
3/9/2007,无锡,警告标,42,"10,681.83 ","9,740.20 "
2/12/2007,无锡,服装,36,"10,465.84 ","9,506.45 "
12/25/2007,无锡,警告标,30,"8,538.81 ","7,584.84 "
12/29/2007,无锡,彩盒,48,"16,394.52 ","14,523.89 "
8/16/2007,无锡,彩盒,30,"10,876.74 ","9,708.10 "
8/15/2007,常熟,彩盒,112,"11,500.65 ","8,858.87 "
12/4/2007,南京,暖靴,54,"6,038.31 ","4,700.91 "
12/4/2007,南京,暖靴,68,"7,279.89 ","5,798.77 "
11/19/2007,无锡,警告标,720,"71,402.75 ","53,372.65 "
6/21/2007,无锡,睡袋,200,"38,371.95 ","29,794.72 "
3/8/2007,无锡,睡袋,180,"16,670.01 ","16,376.21 "
2/13/2007,无锡,警告标,120,"9,117.44 ","7,901.66 "
11/22/2007,无锡,警告标,40,"3,766.92 ","3,369.56 "
11/22/2007,无锡,彩盒,260,"37,255.31 ","25,792.04 "
5/10/2007,无锡,警告标,100,"17,600.81 ","10,760.96 "
12/12/2007,南京,暖靴,72,"32,333.64 ","26,445.17 "
12/12/2007,南京,暖靴,54,"25,903.18 ","26,158.06 "
12/12/2007,南京,暖靴,3,"2,256.87 ","9,830.05 "
8/24/2007,无锡,警告标,30,"11,553.75 ","10,402.02 "
10/31/2007,无锡,彩盒,30,"9,318.90 ","8,431.73 "
12/17/2007,无锡,服装,30,"14,774.84 ","12,653.65 "
6/27/2007,无锡,暖靴,24,"13,774.55 ","11,770.12 "
1/31/2007,无锡,睡袋,24,"9,987.01 ","8,105.32 "
5/31/2007,苏州,暖靴,36,"16,630.66 ","13,833.87 "
11/13/2007,无锡,警告标,30,"10,211.44 ","9,189.06 "
9/27/2007,无锡,睡袋,72,"24,507.45 ","22,354.56 "
6/6/2007,无锡,暖靴,30,"10,466.78 ","9,280.08 "
7/27/2007,无锡,暖靴,42,"14,653.49 ","13,123.32 "
6/11/2007,无锡,彩盒,30,"10,466.78 ","9,224.10 "
7/19/2007,南京,睡袋,42,"15,647.23 ","13,818.88 "
8/22/2007,南京,睡袋,30,"11,176.59 ","9,903.24 "
9/18/2007,南京,睡袋,120,"3,176.58 ","2,322.75 "
10/22/2007,南京,睡袋,120,"3,176.58 ","2,354.23 "
11/27/2007,南京,睡袋,120,"3,298.39 ","2,382.19 "
12/12/2007,南京,睡袋,200,"5,825.29 ","4,210.82 "
12/18/2007,无锡,警告标,120,"3,495.17 ","2,584.80 "
12/12/2007,南京,暖靴,120,"3,607.62 ","2,644.51 "
12/17/2007,无锡,警告标,120,"3,607.62 ","2,682.85 "
11/16/2007,无锡,服装,72,"5,667.24 ","4,668.17 "
6/8/2007,无锡,睡袋,150,"2,658.86 ","3,147.74 "
5/9/2007,无锡,警告标,175,"3,102.01 ","3,500.20 "
6/27/2007,无锡,暖靴,175,"3,102.01 ","3,612.86 "
12/7/2007,无锡,睡袋,260,"2,290.55 ","2,372.64 "
12/6/2007,无锡,彩盒,120,"2,522.81 ","2,621.67 "
11/27/2007,无锡,彩盒,120,"2,522.81 ","2,621.67 "
3/27/2007,无锡,警告标,20,237.60 ,248.74 
12/4/2007,无锡,警告标,40,475.20 ,497.49 
11/21/2007,无锡,睡袋,940,"6,775.55 ","4,526.80 "
9/26/2007,无锡,彩盒,140,"1,252.06 ","1,311.41 "
5/8/2007,无锡,警告标,60,568.63 ,599.90 
5/31/2007,常熟,暖靴,640,"6,748.85 ","7,558.62 "
1/29/2007,无锡,彩盒,200,"3,016.69 ","3,184.45 "
11/27/2007,无锡,彩盒,180,"1,297.45 ","1,352.58 "
12/21/2007,无锡,彩盒,120,929.04 ,976.47 
12/20/2007,无锡,服装,40,675.42 ,439.89 
4/27/2007,无锡,彩盒,20,222.92 ,232.81 
10/24/2007,无锡,警告标,100,"1,802.01 ","1,884.13 "
12/27/2007,无锡,睡袋,60,840.94 ,880.63 
9/14/2007,无锡,彩盒,60,"1,429.59 ","1,487.83 "
4/18/2007,无锡,彩盒,160,"3,812.25 ","3,967.56 "
9/3/2007,无锡,宠物用品,60,"1,429.59 ","1,487.83 "
12/7/2007,无锡,警告标,13,"2,615.99 ","1,050.08 "
1/29/2007,无锡,彩盒,18,"4,031.16 ","1,751.13 "
4/6/2007,无锡,彩盒,4,783.37 ,336.54 
1/29/2007,无锡,彩盒,19,"8,246.14 ","4,899.81 "
5/31/2007,无锡,警告标,7,"3,864.53 ","2,039.25 "
10/24/2007,苏州,暖靴,5,968.28 ,281.39 
11/19/2007,无锡,暖靴,4,634.69 ,189.41 
7/19/2007,无锡,警告标,19,"3,594.89 ","1,033.22 "
10/24/2007,常熟,暖靴,7,"1,285.62 ",495.33 
3/21/2007,苏州,暖靴,3,"1,085.10 ",320.94 
1/24/2007,南京,彩盒,17,"4,445.73 ","1,444.50 "
2/13/2007,南京,彩盒,6,"3,004.63 ",995.21 
3/21/2007,南京,彩盒,15,"2,370.72 ",505.76 
4/28/2007,南京,彩盒,7,"2,092.42 ",444.10 
5/25/2007,南京,彩盒,18,"11,016.83 ","5,661.21 "
6/18/2007,南京,彩盒,20,"12,240.92 ","6,292.79 "
12/12/2007,南京,睡袋,6,"4,974.30 ","2,671.54 "
10/22/2007,无锡,暖靴,13,"10,690.34 ","5,759.94 "
7/19/2007,南京,睡袋,13,"5,642.10 ","2,874.09 "
8/22/2007,南京,睡袋,5,"2,737.34 ","1,478.18 "
7/17/2007,无锡,宠物用品,4,"1,535.82 ",722.80 
11/27/2007,南京,睡袋,1000,"86,832.74 ","59,633.86 "
12/5/2007,无锡,宠物用品,500,"44,860.98 ","31,425.00 "
5/10/2007,无锡,彩盒,300,"28,720.40 ","21,114.01 "
9/18/2007,南京,睡袋,500,"47,867.33 ","35,140.59 "
10/22/2007,南京,睡袋,300,"28,720.40 ","21,374.01 "
11/27/2007,南京,睡袋,350,"34,409.04 ","25,970.13 "
12/12/2007,南京,睡袋,200,"36,654.04 ","32,028.71 "
10/22/2007,南京,睡袋,200,"37,200.65 ","28,903.04 "
9/24/2007,无锡,警告标,1500,"202,518.63 ","169,779.91 "
9/18/2007,南京,睡袋,500,"61,571.60 ","51,097.12 "
7/19/2007,南京,彩盒,1000,"122,596.59 ","101,136.26 "
8/22/2007,南京,彩盒,300,"39,636.96 ","33,339.93 "
9/18/2007,南京,彩盒,250,"27,662.32 ","20,107.08 "
3/21/2007,常熟,暖靴,200,"62,313.43 ","42,028.58 "
8/15/2007,苏州,暖靴,200,"12,556.39 ","10,577.63 "
7/19/2007,南京,睡袋,300,"18,834.58 ","15,853.85 "
8/22/2007,南京,睡袋,300,"18,834.58 ","16,314.12 "
11/1/2007,无锡,暖靴,200,"16,976.11 ","10,821.03 "
10/22/2007,南京,彩盒,200,"13,946.34 ","11,241.18 "
11/27/2007,南京,彩盒,500,"36,818.02 ","26,956.64 "
12/12/2007,南京,彩盒,300,"36,474.44 ","33,965.67 "
12/12/2007,无锡,暖靴,500,"41,229.94 ","35,696.83 "
4/28/2007,南京,警告标,350,"42,334.87 ","35,299.75 "
5/25/2007,南京,警告标,200,"29,126.45 ","23,633.11 "
6/18/2007,南京,警告标,500,"40,956.63 ","39,779.28 "
7/19/2007,南京,警告标,250,"43,221.15 ","36,510.68 "
4/12/2007,无锡,睡袋,200,"43,838.04 ","33,805.65 "
1/24/2007,南京,警告标,100,"23,098.13 ","18,043.41 "
2/13/2007,南京,警告标,150,"41,229.94 ","31,141.84 "
3/21/2007,南京,警告标,100,"29,157.69 ","21,999.50 "
1/24/2007,南京,暖靴,75,"23,853.63 ","17,907.23 "
2/13/2007,南京,暖靴,150,"50,073.29 ","37,044.12 "
3/21/2007,南京,暖靴,1000,"11,244.53 ","7,874.73 "
8/15/2007,常熟,暖靴,2000,"22,489.06 ","15,411.03 "
4/28/2007,南京,暖靴,2000,"22,489.06 ","15,907.89 "
5/25/2007,南京,暖靴,100,"1,436.80 ","1,177.34 "
6/18/2007,南京,暖靴,200,"2,873.60 ","2,310.44 "
8/22/2007,南京,警告标,200,"2,873.60 ","2,068.92 "
9/18/2007,南京,警告标,1200,"31,203.57 ","22,495.17 "
10/22/2007,南京,警告标,1300,"33,803.86 ","24,487.86 "
11/27/2007,南京,警告标,500,"11,517.83 ","8,276.53 "
12/12/2007,南京,警告标,500,"11,517.83 ","8,023.36 "
6/18/2007,南京,睡袋,1000,"24,597.41 ","16,617.13 "
7/19/2007,南京,暖靴,1000,"24,597.41 ","16,110.78 "
8/22/2007,南京,暖靴,500,"13,860.44 ","9,061.62 "
9/18/2007,南京,暖靴,100,"13,727.69 ","9,600.00 "
10/22/2007,南京,暖靴,1500,"130,249.12 ","86,935.69 "
11/27/2007,南京,暖靴,500,"86,286.14 ","73,032.21 "
12/12/2007,南京,暖靴,200,"34,717.48 ","26,339.96 "
5/25/2007,南京,睡袋,200,"27,096.19 ","20,494.54 "
4/28/2007,南京,睡袋,1000,"90,893.27 ","75,286.74 "
2/13/2007,南京,睡袋,250,"19,990.27 ","15,706.50 "
3/21/2007,南京,睡袋,2200,"7,782.00 ","5,182.24 "
1/24/2007,南京,睡袋,1400,"4,952.18 ","3,297.79 "
12/27/2007,无锡,睡袋,3500,"12,380.46 ","9,686.97 "
12/29/2007,无锡,睡袋,2200,"7,782.00 ","6,087.41 "
